mu = 0.813265
0.0922924
0.500538
0.499999
0.5
0.5
0.5
0.5
0.5
0.5
0.5
0.5
0.5
0.5
0.5
0.5
0.5
0.5
0.5
0.5
0.5
0.5
0.5
0.5
0.5
0.5
0.5
0.5
0.5
0.5
0.5
0.5
0.5
0.5
0.5
0.5
0.5
0.5
0.5
0.5
0.5
0.5
0.5
0.5
0.5
0.5
0.5
0.5
0.5
0.5
0.500001
0.499096
0.390188
0.305045
0.238481
0.186442
0.145758
0.113952
0.0890864
0.0696468
0.0544491
0.0425677
0.033279
0.0260171
0.0203399
0.0159015
0.0124316
0.00971891
0.00759814
0.00594015
0.00464394
0.0036306
0.00283839
0.00221913
0.00173518
0.0013574
0.00106371
0.00106371
0.00106371
0.00106371
0.00106371
0.00106371
0.00106371
0.00106371
0.00106371
0.00106371
0.00106371
0.00106371
0.00106371
0.00106371
0.00106371
0.00106371
0.00106371
0.00106371
0.00106371
0.00106371
0.00106371
0.00106371
0.00106371
0.00106371
0.00106371
0.00106371
0.00106371
0.00106371
0.00106371
0.00106371
0.00106371
0.00106371
0.00106371
0.00106371
0.00106371
0.00106371
0.00106371
0.00106371
0.00106371
0.00106371
0.00106371
0.00106371
0.0010637
0.00106368
0.00106362
0.00106344
0.0010629
0.00106129
0.00105645
0.00104193
0.000998375
0.0508484
0.101306
0.151598
0.201375
0.25041
0.298532
0.345604
0.391516
0.436174
0.479502
0.521429
0.561898
0.600854
0.638248
0.674036
0.708173
0.740617
0.771324
0.800248
0.827337
0.852535
0.875769
0.896944
0.915898
0.932164
0.921635
0.909868
0.897319
0.884194
0.870629
0.856729
0.842574
0.82823
0.813754
0.79919
0.784579
0.769952
0.755337
0.740761
0.726242
0.7118
0.697448
0.683202
0.669072
0.655067
0.641196
0.627466
0.613882
0.60045
0.587172
0.574052
0.561092
0.548293
0.535657
0.523183
0.510871
0.498721
0.486732
0.474901
0.463228
0.451709
0.440343
0.429125
0.418053
0.407123
0.396329
0.385668
0.375134
0.36472
0.354418
0.34422
0.334114
0.324086
0.314111
0.304116
