mu = 0.217424
0.323787
0.541747
0.49011
0.502343
0.499445
0.500132
0.499969
0.500007
0.499998
0.5
0.5
0.5
0.5
0.5
0.5
0.5
0.5
0.5
0.5
0.5
0.5
0.5
0.5
0.5
0.5
0.5
0.5
0.5
0.5
0.5
0.5
0.5
0.5
0.5
0.5
0.5
0.5
0.5
0.5
0.5
0.5
0.5
0.5
0.5
0.499999
0.500003
0.499985
0.500062
0.499739
0.501102
0.495347
0.190763
0.0734651
0.0282922
0.0108956
0.00419603
0.00161594
0.000622315
0.00023966
9.22959e-05
3.55442e-05
1.36884e-05
5.27157e-06
2.03014e-06
7.81829e-07
3.01091e-07
1.15953e-07
4.46549e-08
1.71971e-08
6.6228e-09
2.55051e-09
9.82236e-10
3.78285e-10
1.45724e-10
5.62405e-11
2.20033e-11
2.20033e-11
2.20033e-11
2.20033e-11
2.20033e-11
2.20033e-11
2.20033e-11
2.20033e-11
2.20033e-11
2.20033e-11
2.20033e-11
2.20033e-11
2.20033e-11
2.20033e-11
2.20033e-11
2.20033e-11
2.20033e-11
2.20033e-11
2.20033e-11
2.20033e-11
2.20034e-11
2.20034e-11
2.20034e-11
2.20035e-11
2.20039e-11
2.20051e-11
2.20087e-11
2.20195e-11
2.20519e-11
2.21491e-11
2.24407e-11
2.33155e-11
2.59399e-11
3.38131e-11
5.74327e-11
1.28292e-10
3.40868e-10
9.78597e-10
2.89178e-09
8.63134e-09
2.585e-08
7.75061e-08
2.32474e-07
6.97379e-07
2.09209e-06
6.27623e-06
1.88287e-05
5.64859e-05
0.000169458
0.000508373
0.00152512
0.176128
0.331869
0.469319
0.590309
0.696721
0.790283
0.872524
0.944784
1.00822
1.06383
1.11248
1.15487
1.19165
1.22331
1.25031
1.273
1.29168
1.30658
1.31789
1.32573
1.33017
1.3312
1.32871
1.32228
1.31038
1.20987
1.12016
1.04082
0.970689
0.908607
0.853506
0.80444
0.760586
0.721228
0.685748
0.653616
0.624378
0.597641
0.573074
0.550391
0.529347
0.509734
0.491373
0.47411
0.457815
0.442374
0.42769
0.41368
0.400271
0.3874
0.375014
0.363065
0.351512
0.340317
0.32945
0.318882
0.308587
0.298542
0.288728
0.279125
0.269717
0.260486
0.251418
0.242499
0.233713
0.225047
0.216487
0.208017
0.199621
0.19128
0.182972
0.174669
0.166334
0.157895
0.149124
