mu = -0.973327
0.5
0.5
0.5
0.5
0.5
0.5
0.5
0.5
0.5
0.5
0.5
0.5
0.5
0.5
0.5
0.5
0.5
0.5
0.5
0.5
0.5
0.5
0.5
0.5
0.5
0.5
0.5
0.5
0.5
0.5
0.5
0.5
0.5
0.5
0.5
0.5
0.5
0.5
0.5
0.5
0.5
0.5
0.5
0.5
0.5
0.5
0.499994
0.499897
0.498337
0.473084
0.0642728
0.0267977
0.0152072
0.0126655
0.0135148
0.0159064
0.0193019
0.023628
0.0289944
0.0356037
0.0437278
0.0537084
0.0659679
0.0810262
0.0995219
0.12224
0.150143
0.184416
0.226512
0.278218
0.341727
0.419732
0.515544
0.633226
0.777772
0.955312
0.957167
0.957785
0.957991
0.95806
0.958083
0.95809
0.958093
0.958094
0.958094
0.958094
0.958094
0.958094
0.958094
0.958094
0.958094
0.958094
0.958094
0.958094
0.958094
0.958094
0.958094
0.958094
0.958094
0.958094
0.958094
0.958094
0.958094
0.958094
0.958094
0.958094
0.958094
0.958094
0.958094
0.958094
0.958094
0.958094
0.958094
0.958094
0.958094
0.958094
0.958094
0.958094
0.958094
0.958094
0.958094
0.958094
0.958094
0.958094
0.958094
0.958094
0.954927
0.948798
0.940404
0.929992
0.917703
0.903639
0.887884
0.870507
0.85157
0.831128
0.809234
0.785937
0.761287
0.735332
0.708124
0.679715
0.650161
0.619525
0.587873
0.555282
0.521842
0.487658
0.452864
0.41765
0.382414
0.368449
0.355512
0.343223
0.331447
0.320111
0.309162
0.298559
0.28827
0.278267
0.268528
0.259033
0.249767
0.240714
0.231862
0.2232
0.214717
0.206403
0.198252
0.190255
0.182406
0.174698
0.167126
0.159684
0.152368
0.145173
0.138095
0.131131
0.124278
0.117532
0.110892
0.104354
0.0979171
0.0915798
0.0853406
0.0791987
0.0731537
0.0672054
0.0613542
0.0556011
0.0499473
0.0443951
0.0389472
0.0336074
0.0283806
0.023273
0.0182929
0.0134512
0.008763
0.00425285
-2.08789e-05
