mu = -0.99634
0.5
0.5
0.5
0.5
0.5
0.5
0.5
0.5
0.5
0.5
0.5
0.5
0.5
0.5
0.5
0.5
0.5
0.5
0.5
0.5
0.5
0.5
0.5
0.5
0.5
0.5
0.5
0.5
0.5
0.5
0.5
0.5
0.5
0.5
0.5
0.5
0.5
0.5
0.5
0.5
0.5
0.5
0.5
0.5
0.5
0.499999
0.499989
0.499847
0.497831
0.469211
0.0628362
0.0268427
0.0158507
0.0136185
0.0146932
0.017298
0.0209206
0.0254977
0.0311434
0.0380622
0.0465257
0.0568739
0.0695245
0.0849894
0.103894
0.127005
0.155255
0.18979
0.232007
0.283615
0.346702
0.423823
0.518098
0.633343
0.774224
0.946442
0.948203
0.948789
0.948985
0.94905
0.949072
0.949079
0.949082
0.949082
0.949083
0.949083
0.949083
0.949083
0.949083
0.949083
0.949083
0.949083
0.949083
0.949083
0.949083
0.949083
0.949083
0.949083
0.949083
0.949083
0.949083
0.949083
0.949083
0.949083
0.949083
0.949083
0.949083
0.949083
0.949083
0.949083
0.949083
0.949083
0.949083
0.949083
0.949083
0.949083
0.949083
0.949083
0.949083
0.949083
0.949083
0.949083
0.949083
0.949083
0.949083
0.949083
0.945622
0.939256
0.930669
0.920104
0.907699
0.893557
0.87776
0.860378
0.841472
0.821098
0.799309
0.776154
0.751684
0.725947
0.698996
0.670882
0.641663
0.611401
0.580162
0.548024
0.515074
0.481419
0.447188
0.412572
0.377959
0.364141
0.351333
0.339162
0.327498
0.316267
0.305419
0.294913
0.284716
0.274804
0.265152
0.255743
0.246561
0.23759
0.228819
0.220236
0.211831
0.203596
0.195521
0.187601
0.179828
0.172196
0.1647
0.157334
0.150094
0.142975
0.135974
0.129088
0.122312
0.115645
0.109084
0.102626
0.0962705
0.0900151
0.0838588
0.077801
0.0718412
0.0659793
0.0602159
0.0545517
0.0489882
0.0435275
0.0381725
0.0329268
0.0277953
0.0227841
0.0179014
0.0131577
0.00856806
0.00415622
-2.07221e-05
