mu = 0.840629
0.0878458
0.49596
0.49996
0.5
0.5
0.5
0.5
0.5
0.5
0.5
0.5
0.5
0.5
0.5
0.5
0.5
0.5
0.5
0.5
0.5
0.5
0.5
0.5
0.5
0.5
0.5
0.5
0.5
0.5
0.5
0.5
0.5
0.5
0.5
0.5
0.5
0.5
0.5
0.5
0.5
0.5
0.5
0.5
0.5
0.5
0.5
0.5
0.5
0.5
0.499992
0.499143
0.393373
0.310015
0.244322
0.192549
0.151747
0.119591
0.0942493
0.0742775
0.0585378
0.0461334
0.0363575
0.0286532
0.0225815
0.0177964
0.0140252
0.0110532
0.00871101
0.00686511
0.00541037
0.0042639
0.0033604
0.00264843
0.00208756
0.00164618
0.00130025
0.00130025
0.00130025
0.00130025
0.00130025
0.00130025
0.00130025
0.00130025
0.00130025
0.00130025
0.00130025
0.00130025
0.00130025
0.00130025
0.00130025
0.00130025
0.00130025
0.00130025
0.00130025
0.00130025
0.00130025
0.00130025
0.00130025
0.00130025
0.00130025
0.00130025
0.00130025
0.00130025
0.00130025
0.00130025
0.00130025
0.00130025
0.00130025
0.00130025
0.00130025
0.00130025
0.00130025
0.00130025
0.00130025
0.00130025
0.00130025
0.00130025
0.00130024
0.00130022
0.00130016
0.00129996
0.00129939
0.00129768
0.00129254
0.00127711
0.00123084
0.0494853
0.0984022
0.14723
0.195628
0.243372
0.290291
0.33625
0.381137
0.424858
0.467334
0.508494
0.548278
0.586628
0.623495
0.658831
0.69259
0.724727
0.755196
0.78395
0.810936
0.836095
0.859355
0.88062
0.89973
0.916233
0.906779
0.896077
0.884568
0.872452
0.859865
0.846907
0.833658
0.820185
0.806543
0.792777
0.778928
0.765028
0.751108
0.737191
0.723299
0.709453
0.695667
0.681956
0.668333
0.654808
0.64139
0.628087
0.614907
0.601853
0.588932
0.576148
0.563502
0.550998
0.538638
0.526422
0.514351
0.502426
0.490645
0.479009
0.467516
0.456164
0.444952
0.433877
0.422936
0.412126
0.401443
0.390883
0.380441
0.370112
0.359887
0.349759
0.339717
0.329748
0.319826
0.309884
