mu = 0.75282
0.103245
0.51044
0.499725
0.500007
0.5
0.5
0.5
0.5
0.5
0.5
0.5
0.5
0.5
0.5
0.5
0.5
0.5
0.5
0.5
0.5
0.5
0.5
0.5
0.5
0.5
0.5
0.5
0.5
0.5
0.5
0.5
0.5
0.5
0.5
0.5
0.5
0.5
0.5
0.5
0.5
0.5
0.5
0.5
0.5
0.5
0.5
0.5
0.5
0.499999
0.500027
0.498978
0.382436
0.293114
0.224654
0.172183
0.131968
0.101145
0.0775216
0.0594155
0.0455383
0.0349023
0.0267505
0.0205026
0.015714
0.0120438
0.00923084
0.00707487
0.00542245
0.00415598
0.0031853
0.00244135
0.00187117
0.0014342
0.00109943
0.000843238
0.000648029
0.000648029
0.000648029
0.000648029
0.000648029
0.000648029
0.000648029
0.000648029
0.000648029
0.000648029
0.000648029
0.000648029
0.000648029
0.000648029
0.000648029
0.000648029
0.000648029
0.000648029
0.000648029
0.000648029
0.000648029
0.000648029
0.000648029
0.000648029
0.000648029
0.000648029
0.000648029
0.000648029
0.000648029
0.000648029
0.000648029
0.000648029
0.000648029
0.000648029
0.000648029
0.000648029
0.000648029
0.000648029
0.000648029
0.000648028
0.000648028
0.000648026
0.000648021
0.000648004
0.000647955
0.000647808
0.000647367
0.000646043
0.000642072
0.000630158
0.000594415
0.0543635
0.108585
0.162432
0.215541
0.267677
0.318668
0.368379
0.416702
0.463549
0.508847
0.552534
0.594557
0.634869
0.673427
0.710192
0.745127
0.778195
0.809358
0.838575
0.865799
0.890976
0.914037
0.934886
0.953355
0.96895
0.955693
0.941244
0.926089
0.910449
0.894465
0.878244
0.861869
0.845405
0.828908
0.812422
0.795982
0.779621
0.763364
0.747232
0.731243
0.715413
0.699753
0.684273
0.668982
0.653887
0.638993
0.624303
0.609821
0.595548
0.581486
0.567634
0.553993
0.54056
0.527336
0.514317
0.501502
0.488887
0.476469
0.464244
0.45221
0.440361
0.428693
0.417201
0.40588
0.394725
0.383729
0.372886
0.36219
0.351631
0.341201
0.330889
0.320683
0.310566
0.300511
0.290438
