mu = -0.946411
0.5
0.5
0.5
0.5
0.5
0.5
0.5
0.5
0.5
0.5
0.5
0.5
0.5
0.5
0.5
0.5
0.5
0.5
0.5
0.5
0.5
0.5
0.5
0.5
0.5
0.5
0.5
0.5
0.5
0.5
0.5
0.5
0.5
0.5
0.5
0.5
0.5
0.5
0.5
0.5
0.5
0.5
0.5
0.5
0.5
0.5
0.499997
0.499941
0.498849
0.477651
0.0661309
0.0268425
0.0145263
0.0116156
0.0122
0.0143422
0.0174714
0.0215013
0.0265359
0.032775
0.0404897
0.0500232
0.0618026
0.076356
0.0943366
0.116551
0.143998
0.177907
0.219801
0.271561
0.335509
0.414517
0.512129
0.632728
0.781726
0.96581
0.967784
0.968441
0.968661
0.968734
0.968758
0.968766
0.968769
0.96877
0.96877
0.96877
0.96877
0.96877
0.96877
0.96877
0.96877
0.96877
0.96877
0.96877
0.96877
0.96877
0.96877
0.96877
0.96877
0.96877
0.96877
0.96877
0.96877
0.96877
0.96877
0.96877
0.96877
0.96877
0.96877
0.96877
0.96877
0.96877
0.96877
0.96877
0.96877
0.96877
0.96877
0.96877
0.96877
0.96877
0.96877
0.96877
0.96877
0.96877
0.96877
0.96877
0.965971
0.96014
0.951993
0.941779
0.929642
0.915685
0.899993
0.882634
0.86367
0.843157
0.821146
0.797687
0.772828
0.746618
0.719106
0.690346
0.660393
0.629309
0.59716
0.564024
0.52999
0.495165
0.459683
0.423741
0.387745
0.373602
0.360512
0.348081
0.336173
0.324712
0.313643
0.302926
0.292526
0.282416
0.272573
0.262977
0.253612
0.244462
0.235515
0.226759
0.218183
0.209778
0.201535
0.193448
0.185508
0.17771
0.170048
0.162516
0.15511
0.147824
0.140655
0.133599
0.126654
0.119815
0.11308
0.106447
0.0999132
0.0934779
0.0871394
0.0808968
0.0747494
0.0686972
0.0627405
0.05688
0.0511173
0.0454542
0.0398938
0.0344397
0.029097
0.0238719
0.018773
0.0138114
0.00900256
0.00437171
-2.10517e-05
