mu = 0.489403
0.176692
0.544743
0.493808
0.500857
0.499881
0.500016
0.499998
0.5
0.5
0.5
0.5
0.5
0.5
0.5
0.5
0.5
0.5
0.5
0.5
0.5
0.5
0.5
0.5
0.5
0.5
0.5
0.5
0.5
0.5
0.5
0.5
0.5
0.5
0.5
0.5
0.5
0.5
0.5
0.5
0.5
0.5
0.5
0.5
0.5
0.5
0.5
0.499999
0.500005
0.499963
0.500266
0.498081
0.330435
0.219216
0.145431
0.0964813
0.0640072
0.0424634
0.0281709
0.018689
0.0123986
0.00822541
0.00545687
0.00362017
0.00240168
0.00159331
0.00105703
0.000701249
0.000465219
0.000308634
0.000204753
0.000135837
9.01175e-05
5.97891e-05
3.96761e-05
2.63538e-05
1.75767e-05
1.75767e-05
1.75767e-05
1.75767e-05
1.75767e-05
1.75767e-05
1.75767e-05
1.75767e-05
1.75767e-05
1.75767e-05
1.75767e-05
1.75767e-05
1.75767e-05
1.75767e-05
1.75767e-05
1.75767e-05
1.75767e-05
1.75767e-05
1.75767e-05
1.75767e-05
1.75767e-05
1.75767e-05
1.75767e-05
1.75767e-05
1.75767e-05
1.75767e-05
1.75767e-05
1.75767e-05
1.75767e-05
1.75767e-05
1.75767e-05
1.75767e-05
1.75767e-05
1.75767e-05
1.75767e-05
1.75767e-05
1.75767e-05
1.75768e-05
1.75769e-05
1.75773e-05
1.75784e-05
1.75818e-05
1.7592e-05
1.76225e-05
1.7714e-05
1.79887e-05
1.88127e-05
2.12848e-05
2.8701e-05
5.09495e-05
0.000117695
0.0817153
0.161813
0.239311
0.313832
0.385197
0.453315
0.518146
0.579686
0.637949
0.692967
0.744778
0.793427
0.838959
0.881422
0.920859
0.957311
0.99081
1.02139
1.04906
1.07382
1.09568
1.11458
1.13046
1.14309
1.15179
1.11733
1.08273
1.04863
1.01529
0.982816
0.951277
0.920705
0.891115
0.862504
0.83486
0.808163
0.78239
0.757514
0.733503
0.710329
0.687958
0.666359
0.6455
0.62535
0.605878
0.587054
0.568849
0.551235
0.534184
0.51767
0.501668
0.486154
0.471105
0.456497
0.44231
0.428523
0.415116
0.40207
0.389367
0.37699
0.364921
0.353143
0.341642
0.330401
0.319404
0.308637
0.298085
0.28773
0.277558
0.267552
0.257691
0.247955
0.238317
0.228734
0.219088
