mu = 0.991013
0.06797
0.470434
0.497977
0.499862
0.499991
0.499999
0.5
0.5
0.5
0.5
0.5
0.5
0.5
0.5
0.5
0.5
0.5
0.5
0.5
0.5
0.5
0.5
0.5
0.5
0.5
0.5
0.5
0.5
0.5
0.5
0.5
0.5
0.5
0.5
0.5
0.5
0.5
0.5
0.5
0.5
0.5
0.5
0.5
0.5
0.5
0.5
0.5
0.5
0.499997
0.499955
0.499348
0.408043
0.333433
0.272466
0.222646
0.181936
0.148669
0.121485
0.099272
0.0811203
0.0662876
0.0541671
0.0442627
0.0361694
0.0295559
0.0241517
0.0197356
0.016127
0.0131782
0.0107686
0.00879961
0.00719069
0.0058761
0.00480229
0.00392604
0.00321359
0.00321359
0.00321359
0.00321359
0.00321359
0.00321359
0.00321359
0.00321359
0.00321359
0.00321359
0.00321359
0.00321359
0.00321359
0.00321359
0.00321359
0.00321359
0.00321359
0.00321359
0.00321359
0.00321359
0.00321359
0.00321359
0.00321359
0.00321359
0.00321359
0.00321359
0.00321359
0.00321359
0.00321359
0.00321359
0.00321359
0.00321359
0.00321359
0.00321359
0.00321359
0.00321359
0.00321359
0.00321359
0.00321359
0.00321359
0.00321359
0.00321359
0.00321358
0.00321356
0.00321348
0.00321325
0.00321257
0.00321052
0.00320438
0.00318597
0.00313071
0.0441331
0.0859866
0.128044
0.170003
0.21166
0.252856
0.293461
0.333365
0.372475
0.410706
0.447986
0.484247
0.519427
0.55347
0.586322
0.617929
0.64824
0.677205
0.704768
0.730874
0.755459
0.778451
0.799756
0.819227
0.836468
0.831576
0.825441
0.818438
0.810741
0.802467
0.793706
0.784533
0.775007
0.765181
0.755099
0.7448
0.734318
0.723682
0.71292
0.702055
0.691108
0.680098
0.669043
0.657956
0.646853
0.635745
0.624645
0.61356
0.602502
0.591477
0.580493
0.569556
0.558672
0.547846
0.537083
0.526385
0.515758
0.505202
0.49472
0.484315
0.473987
0.463737
0.453566
0.443473
0.433459
0.423521
0.413658
0.403868
0.394148
0.384493
0.374897
0.365355
0.355854
0.346375
0.33686
