mu = 0.865999
0.0839787
0.491681
0.499834
0.499997
0.5
0.5
0.5
0.5
0.5
0.5
0.5
0.5
0.5
0.5
0.5
0.5
0.5
0.5
0.5
0.5
0.5
0.5
0.5
0.5
0.5
0.5
0.5
0.5
0.5
0.5
0.5
0.5
0.5
0.5
0.5
0.5
0.5
0.5
0.5
0.5
0.5
0.5
0.5
0.5
0.5
0.5
0.5
0.5
0.5
0.499984
0.499184
0.396166
0.314408
0.249522
0.198027
0.15716
0.124726
0.0989861
0.078558
0.0623457
0.0494792
0.039268
0.0311641
0.0247327
0.0196285
0.0155777
0.0123629
0.00981152
0.00778669
0.00617973
0.00490441
0.00389231
0.00308917
0.00245203
0.00194712
0.00154857
0.00154857
0.00154857
0.00154857
0.00154857
0.00154857
0.00154857
0.00154857
0.00154857
0.00154857
0.00154857
0.00154857
0.00154857
0.00154857
0.00154857
0.00154857
0.00154857
0.00154857
0.00154857
0.00154857
0.00154857
0.00154857
0.00154857
0.00154857
0.00154857
0.00154857
0.00154857
0.00154857
0.00154857
0.00154857
0.00154857
0.00154857
0.00154857
0.00154857
0.00154857
0.00154857
0.00154857
0.00154857
0.00154857
0.00154857
0.00154857
0.00154857
0.00154856
0.00154854
0.00154847
0.00154827
0.00154767
0.00154588
0.0015405
0.00152436
0.00147593
0.0483377
0.0959061
0.143449
0.190632
0.237234
0.283087
0.328056
0.372028
0.414909
0.456618
0.497083
0.536243
0.574039
0.610419
0.645334
0.678735
0.710578
0.740813
0.769394
0.796264
0.821365
0.844625
0.865947
0.885173
0.901862
0.893328
0.883539
0.872925
0.861682
0.849941
0.837802
0.825344
0.812632
0.799721
0.786657
0.773481
0.760225
0.74692
0.73359
0.720259
0.706946
0.693668
0.68044
0.667276
0.654185
0.64118
0.628267
0.615456
0.602752
0.59016
0.577686
0.565333
0.553104
0.541003
0.52903
0.517187
0.505475
0.493894
0.482444
0.471125
0.459935
0.448874
0.437939
0.427128
0.416438
0.405867
0.395409
0.385062
0.374819
0.364675
0.354621
0.344647
0.33474
0.324878
0.314991
