mu = -0.813265
0.5
0.5
0.5
0.5
0.5
0.5
0.5
0.5
0.5
0.5
0.5
0.5
0.5
0.5
0.5
0.5
0.5
0.5
0.5
0.5
0.5
0.5
0.5
0.5
0.5
0.5
0.5
0.5
0.5
0.5
0.5
0.5
0.5
0.5
0.5
0.5
0.5
0.5
0.5
0.5
0.5
0.5
0.5
0.5
0.5
0.5
0.5
0.5
0.499999
0.500556
0.078506
0.0287672
0.0123964
0.00754722
0.00682413
0.00776525
0.00960451
0.0121735
0.0155333
0.019856
0.0253937
0.0324801
0.0415453
0.0531412
0.0679737
0.0869464
0.111215
0.142257
0.181963
0.232752
0.297717
0.380815
0.487107
0.623067
0.796976
1.01943
1.02217
1.02308
1.02338
1.02349
1.02352
1.02353
1.02353
1.02354
1.02354
1.02354
1.02354
1.02354
1.02354
1.02354
1.02354
1.02354
1.02354
1.02354
1.02354
1.02354
1.02354
1.02354
1.02354
1.02354
1.02354
1.02354
1.02354
1.02354
1.02354
1.02354
1.02354
1.02354
1.02354
1.02354
1.02354
1.02354
1.02354
1.02354
1.02354
1.02354
1.02354
1.02354
1.02354
1.02354
1.02354
1.02354
1.02354
1.02354
1.02354
1.02354
1.02302
1.01909
1.01255
1.00367
0.99262
0.979498
0.96439
0.947366
0.928484
0.907797
0.885353
0.861194
0.835366
0.807911
0.778874
0.748302
0.716245
0.68276
0.647912
0.611775
0.574437
0.536009
0.496634
0.456523
0.416139
0.401045
0.387138
0.373962
0.361359
0.349244
0.337555
0.326244
0.315274
0.304614
0.294239
0.284125
0.274254
0.264609
0.255176
0.245941
0.236893
0.228021
0.219315
0.210766
0.202368
0.194111
0.185989
0.177997
0.170128
0.162377
0.154738
0.147209
0.139783
0.132459
0.125231
0.118097
0.111055
0.104101
0.0972343
0.0904529
0.0837557
0.0771418
0.0706111
0.064164
0.0578013
0.0515248
0.0453373
0.0392423
0.033245
0.0273522
0.021573
0.0159198
0.0104102
0.00507309
-2.16201e-05
