mu = 0.961009
0.0714002
0.475529
0.498603
0.49992
0.499995
0.5
0.5
0.5
0.5
0.5
0.5
0.5
0.5
0.5
0.5
0.5
0.5
0.5
0.5
0.5
0.5
0.5
0.5
0.5
0.5
0.5
0.5
0.5
0.5
0.5
0.5
0.5
0.5
0.5
0.5
0.5
0.5
0.5
0.5
0.5
0.5
0.5
0.5
0.5
0.5
0.5
0.5
0.5
0.499998
0.499961
0.499313
0.405446
0.329225
0.267333
0.217077
0.176268
0.143131
0.116223
0.0943743
0.0766327
0.0622263
0.0505282
0.0410293
0.0333161
0.0270529
0.0219672
0.0178375
0.0144842
0.0117613
0.00955026
0.00775491
0.00629711
0.00511349
0.00415276
0.00337373
0.00274437
0.00274437
0.00274437
0.00274437
0.00274437
0.00274437
0.00274437
0.00274437
0.00274437
0.00274437
0.00274437
0.00274437
0.00274437
0.00274437
0.00274437
0.00274437
0.00274437
0.00274437
0.00274437
0.00274437
0.00274437
0.00274437
0.00274437
0.00274437
0.00274437
0.00274437
0.00274437
0.00274437
0.00274437
0.00274437
0.00274437
0.00274437
0.00274437
0.00274437
0.00274437
0.00274437
0.00274437
0.00274437
0.00274437
0.00274437
0.00274437
0.00274437
0.00274436
0.00274433
0.00274426
0.00274404
0.00274337
0.00274137
0.00273536
0.00271733
0.00266326
0.0449386
0.0880393
0.131299
0.174409
0.21716
0.259391
0.300972
0.34179
0.381752
0.420774
0.458783
0.495713
0.531502
0.566093
0.599434
0.631473
0.66216
0.691442
0.719268
0.745581
0.770318
0.793407
0.814754
0.834208
0.851364
0.845715
0.838816
0.831053
0.822606
0.813596
0.804113
0.794235
0.784022
0.773528
0.762798
0.75187
0.740779
0.729555
0.718224
0.70681
0.695335
0.683816
0.672271
0.660714
0.649158
0.637617
0.6261
0.614618
0.603178
0.591788
0.580456
0.569186
0.557984
0.546855
0.535803
0.524831
0.513941
0.503137
0.492419
0.481789
0.471248
0.460797
0.450434
0.440161
0.429975
0.419875
0.409859
0.399925
0.390068
0.380284
0.370567
0.360909
0.351299
0.341716
0.3321
