mu = 0.169644
0.359043
0.535046
0.491287
0.502166
0.499461
0.500134
0.499967
0.500008
0.499998
0.500001
0.5
0.5
0.5
0.5
0.5
0.5
0.5
0.5
0.5
0.5
0.5
0.5
0.5
0.5
0.5
0.5
0.5
0.5
0.5
0.5
0.5
0.5
0.5
0.5
0.5
0.5
0.5
0.5
0.5
0.5
0.5
0.5
0.5
0.5
0.499999
0.500006
0.499977
0.500094
0.499622
0.501521
0.493882
0.140098
0.0397412
0.0112733
0.00319786
0.000907127
0.000257322
7.29938e-05
2.07059e-05
5.87359e-06
1.66614e-06
4.7263e-07
1.3407e-07
3.80311e-08
1.07882e-08
3.06025e-09
8.68093e-10
2.46249e-10
6.98528e-11
1.98149e-11
5.62085e-12
1.59445e-12
4.52299e-13
1.28323e-13
3.64749e-14
1.06068e-14
1.06068e-14
1.06068e-14
1.06068e-14
1.06068e-14
1.06068e-14
1.06068e-14
1.06068e-14
1.06068e-14
1.06068e-14
1.06068e-14
1.06068e-14
1.06068e-14
1.06068e-14
1.06068e-14
1.06068e-14
1.06069e-14
1.06072e-14
1.06082e-14
1.06111e-14
1.06198e-14
1.06459e-14
1.07242e-14
1.09592e-14
1.16641e-14
1.37787e-14
2.01227e-14
3.91547e-14
9.62505e-14
2.67538e-13
7.814e-13
2.32299e-12
6.94775e-12
2.0822e-11
6.24449e-11
1.87313e-10
5.61919e-10
1.68574e-09
5.05719e-09
1.51715e-08
4.55146e-08
1.36544e-07
4.09631e-07
1.22889e-06
3.68668e-06
1.106e-05
3.31801e-05
9.95404e-05
0.000298621
0.000895864
0.00268759
0.220817
0.406201
0.562477
0.694209
0.805452
0.899607
0.97948
1.04737
1.10514
1.15432
1.19613
1.23157
1.26143
1.28636
1.30686
1.32335
1.33612
1.34541
1.35138
1.35414
1.3537
1.35002
1.34291
1.33179
1.31469
1.18807
1.08046
0.989572
0.912637
0.847196
0.79119
0.742924
0.701006
0.664304
0.631894
0.603026
0.57709
0.553589
0.532121
0.512357
0.49403
0.476921
0.460851
0.445674
0.431268
0.417533
0.404386
0.391759
0.379593
0.36784
0.356457
0.34541
0.334668
0.324205
0.313997
0.304025
0.294269
0.284713
0.275343
0.266143
0.257102
0.248206
0.239443
0.230802
0.222269
0.213834
0.205482
0.197199
0.188969
0.180772
0.172587
0.164382
0.156116
0.147706
0.138875
