mu = 0.531279
0.161431
0.540866
0.495067
0.500595
0.499928
0.500009
0.499999
0.5
0.5
0.5
0.5
0.5
0.5
0.5
0.5
0.5
0.5
0.5
0.5
0.5
0.5
0.5
0.5
0.5
0.5
0.5
0.5
0.5
0.5
0.5
0.5
0.5
0.5
0.5
0.5
0.5
0.5
0.5
0.5
0.5
0.5
0.5
0.5
0.5
0.5
0.5
0.5
0.500003
0.499975
0.500207
0.498285
0.341544
0.234108
0.160467
0.109991
0.0753921
0.0516768
0.0354214
0.0242792
0.016642
0.0114071
0.00781888
0.00535937
0.00367353
0.00251799
0.00172593
0.00118302
0.000810891
0.000555818
0.00038098
0.00026114
0.000178999
0.0001227
8.41257e-05
5.7727e-05
3.97545e-05
3.97545e-05
3.97545e-05
3.97545e-05
3.97545e-05
3.97545e-05
3.97545e-05
3.97545e-05
3.97545e-05
3.97545e-05
3.97545e-05
3.97545e-05
3.97545e-05
3.97545e-05
3.97545e-05
3.97545e-05
3.97545e-05
3.97545e-05
3.97545e-05
3.97545e-05
3.97545e-05
3.97545e-05
3.97545e-05
3.97545e-05
3.97545e-05
3.97545e-05
3.97545e-05
3.97545e-05
3.97545e-05
3.97545e-05
3.97545e-05
3.97545e-05
3.97545e-05
3.97545e-05
3.97545e-05
3.97545e-05
3.97545e-05
3.97545e-05
3.97546e-05
3.97548e-05
3.97554e-05
3.97573e-05
3.97629e-05
3.97797e-05
3.98302e-05
3.99815e-05
4.04356e-05
4.17978e-05
4.58846e-05
5.81448e-05
9.49255e-05
0.0754994
0.149967
0.222441
0.292529
0.360022
0.424795
0.486773
0.545917
0.602207
0.655641
0.706227
0.753979
0.798917
0.841061
0.880432
0.917049
0.950927
0.982075
1.0105
1.03618
1.05911
1.07923
1.09647
1.11062
1.12102
1.09141
1.06131
1.03136
1.0018
0.97277
0.944354
0.916605
0.889559
0.863232
0.837634
0.812763
0.788613
0.765174
0.742431
0.720368
0.698967
0.678209
0.658075
0.638542
0.619592
0.601202
0.583353
0.566024
0.549195
0.532846
0.516959
0.501513
0.486492
0.471877
0.457652
0.443799
0.430302
0.417145
0.404313
0.391791
0.379565
0.36762
0.355942
0.344517
0.333331
0.322372
0.311624
0.301074
0.290706
0.280506
0.270454
0.260532
0.250714
0.24096
0.231159
