mu = -0.783972
0.5
0.5
0.5
0.5
0.5
0.5
0.5
0.5
0.5
0.5
0.5
0.5
0.5
0.5
0.5
0.5
0.5
0.5
0.5
0.5
0.5
0.5
0.5
0.5
0.5
0.5
0.5
0.5
0.5
0.5
0.5
0.5
0.5
0.5
0.5
0.5
0.5
0.5
0.5
0.5
0.5
0.5
0.5
0.5
0.5
0.5
0.5
0.500001
0.499925
0.505586
0.0820307
0.0296055
0.0122226
0.00692034
0.00591537
0.00660799
0.00818025
0.010441
0.0134384
0.0173348
0.022374
0.0288826
0.0372861
0.0481352
0.0621412
0.0802226
0.103565
0.1337
0.172603
0.222826
0.287662
0.371365
0.479422
0.618921
0.79901
1.0315
1.03446
1.03545
1.03578
1.03589
1.03592
1.03594
1.03594
1.03594
1.03594
1.03594
1.03594
1.03594
1.03594
1.03594
1.03594
1.03594
1.03594
1.03594
1.03594
1.03594
1.03594
1.03594
1.03594
1.03594
1.03594
1.03594
1.03594
1.03594
1.03594
1.03594
1.03594
1.03594
1.03594
1.03594
1.03594
1.03594
1.03594
1.03594
1.03594
1.03594
1.03594
1.03594
1.03594
1.03594
1.03594
1.03594
1.03594
1.03594
1.03594
1.03594
1.03606
1.03265
1.02657
1.01809
1.00737
0.994518
0.979618
0.962738
0.943938
0.923268
0.900773
0.876496
0.850479
0.822763
0.79339
0.762406
0.729859
0.695803
0.660302
0.623428
0.58527
0.545936
0.50557
0.46439
0.42287
0.407547
0.393446
0.380095
0.36733
0.355063
0.34323
0.331782
0.320682
0.309896
0.299399
0.289168
0.279183
0.269426
0.259883
0.250541
0.241387
0.23241
0.2236
0.214948
0.206446
0.198086
0.189861
0.181765
0.173792
0.165935
0.15819
0.150553
0.143018
0.135581
0.12824
0.12099
0.113829
0.106754
0.0997633
0.0928543
0.0860261
0.0792775
0.0726082
0.0660184
0.0595089
0.0530812
0.0467379
0.0404826
0.0343203
0.0282579
0.0223045
0.0164729
0.010781
0.00525869
-2.16416e-05
