mu = 0.611155
0.136537
0.531447
0.497279
0.500235
0.49998
0.500002
0.5
0.5
0.5
0.5
0.5
0.5
0.5
0.5
0.5
0.5
0.5
0.5
0.5
0.5
0.5
0.5
0.5
0.5
0.5
0.5
0.5
0.5
0.5
0.5
0.5
0.5
0.5
0.5
0.5
0.5
0.5
0.5
0.5
0.5
0.5
0.5
0.5
0.5
0.5
0.5
0.5
0.500001
0.499989
0.500121
0.498596
0.359176
0.258742
0.186391
0.134271
0.0967258
0.0696789
0.0501949
0.0361592
0.0260482
0.0187645
0.0135175
0.00973764
0.00701475
0.00505325
0.00364024
0.00262234
0.00188907
0.00136084
0.000980314
0.000706197
0.000508734
0.0003665
0.000264078
0.000190412
0.000137686
0.000137686
0.000137686
0.000137686
0.000137686
0.000137686
0.000137686
0.000137686
0.000137686
0.000137686
0.000137686
0.000137686
0.000137686
0.000137686
0.000137686
0.000137686
0.000137686
0.000137686
0.000137686
0.000137686
0.000137686
0.000137686
0.000137686
0.000137686
0.000137686
0.000137686
0.000137686
0.000137686
0.000137686
0.000137686
0.000137686
0.000137686
0.000137686
0.000137686
0.000137686
0.000137686
0.000137686
0.000137686
0.000137686
0.000137686
0.000137686
0.000137686
0.000137686
0.000137685
0.000137683
0.000137678
0.000137661
0.000137611
0.00013746
0.000137009
0.000135654
0.0659987
0.131648
0.196116
0.259006
0.320086
0.379196
0.436224
0.49109
0.543734
0.594114
0.6422
0.687969
0.731405
0.772497
0.811233
0.847603
0.881596
0.913198
0.942389
0.969142
0.993418
1.01516
1.03428
1.05058
1.06349
1.04127
1.01816
0.994729
0.971231
0.947809
0.924569
0.901584
0.878911
0.856589
0.834649
0.813114
0.791996
0.771307
0.751053
0.731234
0.711852
0.692904
0.674385
0.65629
0.638613
0.621344
0.604477
0.588001
0.571909
0.556189
0.540832
0.525828
0.511167
0.496837
0.48283
0.469134
0.455739
0.442635
0.429812
0.417258
0.404965
0.392922
0.381118
0.369543
0.358187
0.347039
0.336088
0.325323
0.314731
0.304298
0.294011
0.283852
0.273798
0.263816
0.253808
