mu = -0.865999
0.5
0.5
0.5
0.5
0.5
0.5
0.5
0.5
0.5
0.5
0.5
0.5
0.5
0.5
0.5
0.5
0.5
0.5
0.5
0.5
0.5
0.5
0.5
0.5
0.5
0.5
0.5
0.5
0.5
0.5
0.5
0.5
0.5
0.5
0.5
0.5
0.5
0.5
0.5
0.5
0.5
0.5
0.5
0.5
0.5
0.5
0.5
0.499997
0.499829
0.49146
0.0729267
0.0276482
0.0129833
0.00892469
0.00871623
0.0101224
0.0124619
0.0156029
0.0196263
0.0247184
0.0311422
0.039239
0.0494422
0.062299
0.078499
0.0989118
0.124633
0.157042
0.197879
0.249335
0.314172
0.395868
0.498809
0.628519
0.791958
0.997897
1.00029
1.00109
1.00136
1.00145
1.00148
1.00148
1.00149
1.00149
1.00149
1.00149
1.00149
1.00149
1.00149
1.00149
1.00149
1.00149
1.00149
1.00149
1.00149
1.00149
1.00149
1.00149
1.00149
1.00149
1.00149
1.00149
1.00149
1.00149
1.00149
1.00149
1.00149
1.00149
1.00149
1.00149
1.00149
1.00149
1.00149
1.00149
1.00149
1.00149
1.00149
1.00149
1.00149
1.00149
1.00149
1.00149
1.00149
1.00149
1.00149
1.00149
0.999968
0.99519
0.987926
0.978441
0.966884
0.953362
0.93796
0.920747
0.901784
0.881123
0.858816
0.834909
0.809447
0.782478
0.754047
0.724206
0.693008
0.660512
0.626783
0.591899
0.555948
0.519041
0.481317
0.442982
0.404474
0.389773
0.376202
0.36333
0.351011
0.339162
0.327724
0.316654
0.305915
0.295477
0.285316
0.275411
0.265743
0.256297
0.247059
0.238016
0.229157
0.220472
0.211952
0.203588
0.195374
0.187301
0.179364
0.171556
0.163873
0.156309
0.14886
0.141522
0.134291
0.127163
0.120135
0.113205
0.10637
0.0996287
0.0929785
0.0864186
0.0799481
0.0735664
0.0672738
0.0610706
0.0549583
0.0489387
0.0430145
0.0371896
0.031469
0.0258595
0.02037
0.0150122
0.00980314
0.00477
-2.14691e-05
