mu = -0.983336
0.5
0.5
0.5
0.5
0.5
0.5
0.5
0.5
0.5
0.5
0.5
0.5
0.5
0.5
0.5
0.5
0.5
0.5
0.5
0.5
0.5
0.5
0.5
0.5
0.5
0.5
0.5
0.5
0.5
0.5
0.5
0.5
0.5
0.5
0.5
0.5
0.5
0.5
0.5
0.5
0.5
0.5
0.5
0.5
0.5
0.499999
0.499992
0.499877
0.498125
0.471395
0.0636312
0.026808
0.0154803
0.0130739
0.0140213
0.0165058
0.0200001
0.0244357
0.0299241
0.0366688
0.0449418
0.055084
0.0675159
0.0827538
0.101431
0.124324
0.152383
0.186775
0.22893
0.280598
0.343928
0.421552
0.516694
0.63331
0.776246
0.951442
0.953255
0.953859
0.954061
0.954128
0.95415
0.954158
0.95416
0.954161
0.954161
0.954161
0.954161
0.954161
0.954161
0.954161
0.954161
0.954161
0.954161
0.954161
0.954161
0.954161
0.954161
0.954161
0.954161
0.954161
0.954161
0.954161
0.954161
0.954161
0.954161
0.954161
0.954161
0.954161
0.954161
0.954161
0.954161
0.954161
0.954161
0.954161
0.954161
0.954161
0.954161
0.954161
0.954161
0.954161
0.954161
0.954161
0.954161
0.954161
0.954161
0.954161
0.950864
0.94463
0.93615
0.92567
0.913329
0.89923
0.883455
0.866075
0.84715
0.826737
0.804888
0.781653
0.757081
0.731221
0.704124
0.675844
0.646437
0.615964
0.584494
0.552101
0.518877
0.484925
0.450378
0.415427
0.380465
0.366564
0.353684
0.341446
0.329719
0.318429
0.307524
0.296964
0.286715
0.276751
0.26705
0.257593
0.248363
0.239346
0.23053
0.221902
0.213453
0.205174
0.197056
0.189093
0.181277
0.173602
0.166063
0.158654
0.151371
0.144209
0.137165
0.130235
0.123416
0.116704
0.110098
0.103596
0.0971943
0.0908928
0.0846899
0.0785848
0.0725771
0.0666667
0.0608539
0.0551398
0.0495256
0.0440136
0.0386065
0.033308
0.028123
0.0230578
0.0181205
0.013322
0.00867713
0.00421028
-2.08117e-05
