mu = -0.840629
0.5
0.5
0.5
0.5
0.5
0.5
0.5
0.5
0.5
0.5
0.5
0.5
0.5
0.5
0.5
0.5
0.5
0.5
0.5
0.5
0.5
0.5
0.5
0.5
0.5
0.5
0.5
0.5
0.5
0.5
0.5
0.5
0.5
0.5
0.5
0.5
0.5
0.5
0.5
0.5
0.5
0.5
0.5
0.5
0.5
0.5
0.5
0.5
0.499959
0.495839
0.0754923
0.0281254
0.0126575
0.00822245
0.00776545
0.00894542
0.0110416
0.0139053
0.0176084
0.0223308
0.028331
0.0359472
0.0456123
0.0578764
0.0734382
0.0931844
0.11824
0.150032
0.190373
0.241561
0.306512
0.388928
0.493503
0.626197
0.79457
1.00821
1.01077
1.01162
1.0119
1.012
1.01203
1.01204
1.01204
1.01204
1.01204
1.01204
1.01204
1.01204
1.01204
1.01204
1.01204
1.01204
1.01204
1.01204
1.01204
1.01204
1.01204
1.01204
1.01204
1.01204
1.01204
1.01204
1.01204
1.01204
1.01204
1.01204
1.01204
1.01204
1.01204
1.01204
1.01204
1.01204
1.01204
1.01204
1.01204
1.01204
1.01204
1.01204
1.01204
1.01204
1.01204
1.01204
1.01204
1.01204
1.01204
1.01204
1.01099
1.0066
0.999668
0.990462
0.979134
0.965792
0.950519
0.933387
0.914453
0.893772
0.871392
0.847358
0.821717
0.794512
0.76579
0.735599
0.703991
0.671026
0.636767
0.601291
0.564688
0.527065
0.488566
0.4494
0.410015
0.395128
0.381397
0.36838
0.355926
0.34395
0.332393
0.321208
0.310358
0.299814
0.289551
0.279546
0.269781
0.260239
0.250908
0.241773
0.232823
0.224048
0.215439
0.206987
0.198684
0.190523
0.182498
0.174601
0.166829
0.159176
0.151636
0.144206
0.136882
0.12966
0.122537
0.11551
0.108576
0.101733
0.0949804
0.0883152
0.0817371
0.0752454
0.06884
0.0625215
0.0562909
0.0501501
0.0441018
0.0381499
0.0322993
0.0265568
0.0209316
0.0154356
0.0100861
0.00491116
-2.15573e-05
