mu = 0.685236
0.117629
0.520966
0.49885
0.500063
0.499997
0.5
0.5
0.5
0.5
0.5
0.5
0.5
0.5
0.5
0.5
0.5
0.5
0.5
0.5
0.5
0.5
0.5
0.5
0.5
0.5
0.5
0.5
0.5
0.5
0.5
0.5
0.5
0.5
0.5
0.5
0.5
0.5
0.5
0.5
0.5
0.5
0.5
0.5
0.5
0.5
0.5
0.5
0.5
0.499996
0.500065
0.498817
0.372372
0.277979
0.207514
0.154912
0.115643
0.0863287
0.0644453
0.048109
0.0359139
0.0268101
0.020014
0.0149406
0.0111533
0.00832608
0.0062155
0.00463994
0.00346376
0.00258573
0.00193028
0.00144098
0.00107572
0.000803075
0.000599626
0.000447986
0.000335475
0.000335475
0.000335475
0.000335475
0.000335475
0.000335475
0.000335475
0.000335475
0.000335475
0.000335475
0.000335475
0.000335475
0.000335475
0.000335475
0.000335475
0.000335475
0.000335475
0.000335475
0.000335475
0.000335475
0.000335475
0.000335475
0.000335475
0.000335475
0.000335475
0.000335475
0.000335475
0.000335475
0.000335475
0.000335475
0.000335475
0.000335475
0.000335475
0.000335475
0.000335475
0.000335475
0.000335475
0.000335475
0.000335475
0.000335475
0.000335475
0.000335474
0.00033547
0.00033546
0.000335428
0.000335334
0.00033505
0.0003342
0.00033165
0.000324
0.000301049
0.0592382
0.118378
0.176828
0.234209
0.290281
0.344874
0.397861
0.449141
0.498636
0.546284
0.592033
0.635842
0.677674
0.717498
0.755286
0.79101
0.824643
0.856157
0.885518
0.912688
0.937617
0.960241
0.980467
0.998117
1.01266
0.995653
0.977553
0.958888
0.939889
0.920705
0.901441
0.882182
0.862989
0.843914
0.824997
0.80627
0.787758
0.769482
0.751458
0.733698
0.716211
0.699006
0.682085
0.665454
0.649113
0.633062
0.617302
0.601829
0.586642
0.571738
0.557112
0.54276
0.528678
0.51486
0.501302
0.487997
0.474939
0.462122
0.44954
0.437186
0.425054
0.413136
0.401426
0.389915
0.378596
0.367462
0.356503
0.34571
0.335074
0.324584
0.314227
0.303988
0.293848
0.283777
0.273689
