mu = 0.648965
0.126436
0.526266
0.498153
0.50013
0.499991
0.500001
0.5
0.5
0.5
0.5
0.5
0.5
0.5
0.5
0.5
0.5
0.5
0.5
0.5
0.5
0.5
0.5
0.5
0.5
0.5
0.5
0.5
0.5
0.5
0.5
0.5
0.5
0.5
0.5
0.5
0.5
0.5
0.5
0.5
0.5
0.5
0.5
0.5
0.5
0.5
0.5
0.5
0.5
0.499994
0.50009
0.498716
0.366232
0.268943
0.197499
0.145033
0.106506
0.0782125
0.0574354
0.0421778
0.0309733
0.0227453
0.016703
0.0122659
0.00900747
0.00661465
0.00485747
0.00356709
0.0026195
0.00192363
0.00141262
0.00103736
0.000761801
0.00055946
0.000410929
0.000302026
0.000222553
0.000222553
0.000222553
0.000222553
0.000222553
0.000222553
0.000222553
0.000222553
0.000222553
0.000222553
0.000222553
0.000222553
0.000222553
0.000222553
0.000222553
0.000222553
0.000222553
0.000222553
0.000222553
0.000222553
0.000222553
0.000222553
0.000222553
0.000222553
0.000222553
0.000222553
0.000222553
0.000222553
0.000222553
0.000222553
0.000222553
0.000222553
0.000222553
0.000222553
0.000222553
0.000222553
0.000222553
0.000222553
0.000222553
0.000222553
0.000222553
0.000222552
0.00022255
0.000222544
0.000222525
0.000222469
0.000222302
0.000221798
0.000220286
0.00021575
0.000202144
0.0623398
0.124499
0.185752
0.245708
0.304132
0.360857
0.41576
0.468749
0.519754
0.568722
0.615609
0.660382
0.703014
0.743482
0.781764
0.817841
0.851693
0.883298
0.912627
0.939649
0.964317
0.98657
1.00632
1.02338
1.03719
1.0178
0.997392
0.976529
0.955446
0.934291
0.913172
0.892167
0.871338
0.85073
0.83038
0.810316
0.790559
0.771125
0.752026
0.733269
0.71486
0.696803
0.679097
0.661743
0.644738
0.628079
0.611762
0.595782
0.580133
0.56481
0.549806
0.535113
0.520725
0.506634
0.492832
0.479312
0.466066
0.453085
0.440361
0.427886
0.415652
0.403651
0.391872
0.380309
0.368951
0.357789
0.346815
0.336016
0.325383
0.314904
0.304564
0.294348
0.284235
0.274192
0.26413
