mu = 0.311323
0.262689
0.549307
0.489755
0.502129
0.499558
0.500092
0.499981
0.500004
0.499999
0.5
0.5
0.5
0.5
0.5
0.5
0.5
0.5
0.5
0.5
0.5
0.5
0.5
0.5
0.5
0.5
0.5
0.5
0.5
0.5
0.5
0.5
0.5
0.5
0.5
0.5
0.5
0.5
0.5
0.5
0.5
0.5
0.5
0.5
0.5
0.5
0.500001
0.499994
0.50003
0.499857
0.500687
0.496694
0.258905
0.134956
0.0703469
0.0366688
0.0191139
0.00996326
0.00519342
0.00270711
0.0014111
0.000735546
0.000383408
0.000199854
0.000104176
5.43023e-05
2.83054e-05
1.47544e-05
7.69085e-06
4.00891e-06
2.08967e-06
1.08926e-06
5.67791e-07
2.95983e-07
1.54335e-07
8.05963e-08
4.24382e-08
4.24382e-08
4.24382e-08
4.24382e-08
4.24382e-08
4.24382e-08
4.24382e-08
4.24382e-08
4.24382e-08
4.24382e-08
4.24382e-08
4.24382e-08
4.24382e-08
4.24382e-08
4.24382e-08
4.24382e-08
4.24382e-08
4.24382e-08
4.24382e-08
4.24382e-08
4.24382e-08
4.24382e-08
4.24382e-08
4.24382e-08
4.24382e-08
4.24382e-08
4.24383e-08
4.24383e-08
4.24383e-08
4.24383e-08
4.24384e-08
4.24388e-08
4.24398e-08
4.24428e-08
4.2452e-08
4.24796e-08
4.25624e-08
4.28107e-08
4.35557e-08
4.57907e-08
5.24955e-08
7.26099e-08
1.32953e-07
3.13983e-07
8.57072e-07
2.48634e-06
7.37414e-06
2.20376e-05
6.60278e-05
0.000197999
0.000593911
0.125932
0.243684
0.352901
0.453716
0.546509
0.631728
0.709834
0.781279
0.846496
0.905886
0.959821
1.00864
1.05265
1.09213
1.12731
1.15842
1.18564
1.20912
1.22899
1.24534
1.25823
1.26766
1.27356
1.27567
1.2729
1.20534
1.14154
1.08206
1.02679
0.975498
0.927914
0.883752
0.842737
0.804604
0.769105
0.73601
0.705106
0.676198
0.649108
0.623672
0.599745
0.577192
0.555891
0.535732
0.516617
0.498454
0.481162
0.464668
0.448905
0.433812
0.419334
0.405422
0.392031
0.379118
0.366647
0.354584
0.342898
0.331559
0.320541
0.30982
0.299372
0.289178
0.279217
0.26947
0.259918
0.250546
0.241334
0.232265
0.223321
0.214483
0.205729
0.197033
0.188361
0.179656
0.170744
