mu = 0.910522
0.0777344
0.484123
0.499403
0.499978
0.499999
0.5
0.5
0.5
0.5
0.5
0.5
0.5
0.5
0.5
0.5
0.5
0.5
0.5
0.5
0.5
0.5
0.5
0.5
0.5
0.5
0.5
0.5
0.5
0.5
0.5
0.5
0.5
0.5
0.5
0.5
0.5
0.5
0.5
0.5
0.5
0.5
0.5
0.5
0.5
0.5
0.5
0.5
0.5
0.499999
0.499972
0.499248
0.40073
0.321653
0.25818
0.207233
0.166339
0.133515
0.107168
0.0860202
0.0690456
0.0554206
0.0444843
0.0357061
0.0286601
0.0230045
0.018465
0.0148212
0.0118965
0.00954894
0.00766462
0.00615216
0.00493819
0.00396388
0.00318214
0.00255556
0.00205527
0.00205527
0.00205527
0.00205527
0.00205527
0.00205527
0.00205527
0.00205527
0.00205527
0.00205527
0.00205527
0.00205527
0.00205527
0.00205527
0.00205527
0.00205527
0.00205527
0.00205527
0.00205527
0.00205527
0.00205527
0.00205527
0.00205527
0.00205527
0.00205527
0.00205527
0.00205527
0.00205527
0.00205527
0.00205527
0.00205527
0.00205527
0.00205527
0.00205527
0.00205527
0.00205527
0.00205527
0.00205527
0.00205527
0.00205527
0.00205527
0.00205527
0.00205526
0.00205524
0.00205516
0.00205495
0.00205432
0.00205241
0.00204669
0.00202953
0.00197804
0.0465763
0.0919447
0.137383
0.18257
0.22729
0.271377
0.314697
0.35714
0.39861
0.439024
0.47831
0.516404
0.553244
0.588778
0.622953
0.655719
0.687027
0.716829
0.745073
0.771704
0.79666
0.819869
0.841235
0.860605
0.877555
0.870474
0.862136
0.85295
0.843103
0.832723
0.821904
0.810725
0.799249
0.787532
0.775617
0.763545
0.751351
0.739063
0.726709
0.714312
0.701891
0.689466
0.677051
0.664662
0.65231
0.640007
0.627763
0.615586
0.603484
0.591463
0.57953
0.567689
0.555944
0.544299
0.532757
0.52132
0.509991
0.49877
0.487659
0.476657
0.465765
0.454982
0.444307
0.43374
0.423277
0.412918
0.402658
0.392494
0.382421
0.372435
0.362529
0.352692
0.342914
0.333172
0.323402
