mu = 0.889315
0.0806264
0.487728
0.499641
0.499989
0.5
0.5
0.5
0.5
0.5
0.5
0.5
0.5
0.5
0.5
0.5
0.5
0.5
0.5
0.5
0.5
0.5
0.5
0.5
0.5
0.5
0.5
0.5
0.5
0.5
0.5
0.5
0.5
0.5
0.5
0.5
0.5
0.5
0.5
0.5
0.5
0.5
0.5
0.5
0.5
0.5
0.5
0.5
0.5
0.499999
0.499977
0.499219
0.398607
0.318272
0.254128
0.202912
0.162017
0.129365
0.103293
0.0824752
0.0658533
0.0525813
0.0419842
0.0335227
0.0267666
0.0213721
0.0170648
0.0136256
0.0108795
0.00868688
0.00693615
0.00553826
0.00442214
0.00353105
0.00281983
0.00225277
0.00180241
0.00180241
0.00180241
0.00180241
0.00180241
0.00180241
0.00180241
0.00180241
0.00180241
0.00180241
0.00180241
0.00180241
0.00180241
0.00180241
0.00180241
0.00180241
0.00180241
0.00180241
0.00180241
0.00180241
0.00180241
0.00180241
0.00180241
0.00180241
0.00180241
0.00180241
0.00180241
0.00180241
0.00180241
0.00180241
0.00180241
0.00180241
0.00180241
0.00180241
0.00180241
0.00180241
0.00180241
0.00180241
0.00180241
0.00180241
0.00180241
0.00180241
0.0018024
0.00180238
0.00180231
0.0018021
0.00180148
0.00179963
0.00179406
0.00177734
0.00172721
0.0473765
0.0937676
0.140186
0.186303
0.231901
0.276813
0.320904
0.364064
0.406196
0.447219
0.487061
0.525657
0.56295
0.598885
0.633412
0.666482
0.698047
0.728059
0.756467
0.783218
0.80825
0.83149
0.852843
0.872153
0.888989
0.88124
0.872234
0.862389
0.851898
0.840888
0.829458
0.817686
0.805637
0.793365
0.780916
0.76833
0.75564
0.742878
0.730068
0.717234
0.704395
0.69157
0.678773
0.666019
0.65332
0.640686
0.628126
0.615649
0.603262
0.590971
0.578781
0.566696
0.554721
0.542859
0.531111
0.51948
0.507968
0.496574
0.4853
0.474145
0.46311
0.452192
0.441392
0.430706
0.420133
0.40967
0.399313
0.38906
0.378904
0.368839
0.35886
0.348955
0.339113
0.329311
0.319483
