mu = -0.999305
0.5
0.5
0.5
0.5
0.5
0.5
0.5
0.5
0.5
0.5
0.5
0.5
0.5
0.5
0.5
0.5
0.5
0.5
0.5
0.5
0.5
0.5
0.5
0.5
0.5
0.5
0.5
0.5
0.5
0.5
0.5
0.5
0.5
0.5
0.5
0.5
0.5
0.5
0.5
0.5
0.5
0.5
0.5
0.5
0.5
0.499999
0.499989
0.49984
0.497762
0.468714
0.062661
0.0268539
0.0159377
0.0137449
0.0148485
0.0174808
0.0211325
0.0257418
0.0314232
0.0383812
0.0468878
0.0572823
0.069982
0.0854976
0.104453
0.127612
0.155904
0.19047
0.232699
0.284291
0.347321
0.424326
0.518404
0.633339
0.773757
0.945307
0.947055
0.947638
0.947833
0.947897
0.947919
0.947926
0.947929
0.947929
0.94793
0.94793
0.94793
0.94793
0.94793
0.94793
0.94793
0.94793
0.94793
0.94793
0.94793
0.94793
0.94793
0.94793
0.94793
0.94793
0.94793
0.94793
0.94793
0.94793
0.94793
0.94793
0.94793
0.94793
0.94793
0.94793
0.94793
0.94793
0.94793
0.94793
0.94793
0.94793
0.94793
0.94793
0.94793
0.94793
0.94793
0.94793
0.94793
0.94793
0.94793
0.94793
0.944432
0.938037
0.929427
0.918842
0.906424
0.892272
0.876471
0.859088
0.840187
0.819822
0.798047
0.774911
0.750464
0.724755
0.697837
0.669761
0.640585
0.61037
0.579183
0.547102
0.514215
0.480626
0.446467
0.411926
0.377391
0.363592
0.350801
0.338645
0.326995
0.315778
0.304943
0.294449
0.284264
0.274363
0.264723
0.255325
0.246153
0.237193
0.228432
0.219859
0.211464
0.203239
0.195175
0.187264
0.179501
0.171879
0.164392
0.157036
0.149806
0.142697
0.135706
0.128829
0.122064
0.115406
0.108855
0.102408
0.0960622
0.0898172
0.0836716
0.0776244
0.0716755
0.0658246
0.0600722
0.0544193
0.0488673
0.0434182
0.0380749
0.0328411
0.0277216
0.0227226
0.0178521
0.0131209
0.00854357
0.00414409
-2.07014e-05
