mu = -0.991013
0.5
0.5
0.5
0.5
0.5
0.5
0.5
0.5
0.5
0.5
0.5
0.5
0.5
0.5
0.5
0.5
0.5
0.5
0.5
0.5
0.5
0.5
0.5
0.5
0.5
0.5
0.5
0.5
0.5
0.5
0.5
0.5
0.5
0.5
0.5
0.5
0.5
0.5
0.5
0.5
0.5
0.5
0.5
0.5
0.5
0.499999
0.49999
0.49986
0.497954
0.470104
0.0631566
0.0268256
0.0156969
0.0133935
0.0144161
0.0169717
0.0205418
0.025061
0.0306425
0.0374902
0.045876
0.0561404
0.0687021
0.0840749
0.102888
0.12591
0.154084
0.188562
0.230755
0.28239
0.345578
0.422905
0.517535
0.63334
0.775058
0.948486
0.950268
0.950862
0.95106
0.951126
0.951148
0.951155
0.951158
0.951158
0.951159
0.951159
0.951159
0.951159
0.951159
0.951159
0.951159
0.951159
0.951159
0.951159
0.951159
0.951159
0.951159
0.951159
0.951159
0.951159
0.951159
0.951159
0.951159
0.951159
0.951159
0.951159
0.951159
0.951159
0.951159
0.951159
0.951159
0.951159
0.951159
0.951159
0.951159
0.951159
0.951159
0.951159
0.951159
0.951159
0.951159
0.951159
0.951159
0.951159
0.951159
0.951159
0.947764
0.941452
0.932908
0.922377
0.909998
0.895873
0.880085
0.862703
0.843789
0.823399
0.801585
0.778397
0.753885
0.728098
0.701088
0.672906
0.64361
0.613262
0.581928
0.549687
0.516625
0.482849
0.44849
0.413737
0.378982
0.36513
0.352293
0.340094
0.328404
0.31715
0.306278
0.29575
0.285532
0.275598
0.265927
0.256498
0.247296
0.238307
0.229517
0.220915
0.212493
0.204239
0.196147
0.18821
0.180419
0.172769
0.165256
0.157872
0.150614
0.143478
0.13646
0.129555
0.122762
0.116077
0.109497
0.103021
0.0966469
0.0903726
0.0841974
0.0781203
0.0721409
0.0662592
0.0604756
0.0547911
0.0492069
0.0437254
0.0383491
0.0330819
0.0279286
0.0228954
0.0179905
0.0132245
0.0086124
0.0041782
-2.07591e-05
