mu = -0.719882
0.5
0.5
0.5
0.5
0.5
0.5
0.5
0.5
0.5
0.5
0.5
0.5
0.5
0.5
0.5
0.5
0.5
0.5
0.5
0.5
0.5
0.5
0.5
0.5
0.5
0.5
0.5
0.5
0.5
0.5
0.5
0.5
0.5
0.5
0.5
0.5
0.5
0.5
0.5
0.5
0.5
0.5
0.5
0.5
0.5
0.5
0.499999
0.500026
0.499341
0.516425
0.0909039
0.0320099
0.0122287
0.00589684
0.00428895
0.00447051
0.00549699
0.00712121
0.00935805
0.0123437
0.0162977
0.0215237
0.0284273
0.0375458
0.0495895
0.0654965
0.086506
0.114255
0.150905
0.199311
0.263245
0.347688
0.459217
0.606522
0.801079
1.05804
1.06158
1.06276
1.06315
1.06328
1.06333
1.06334
1.06335
1.06335
1.06335
1.06335
1.06335
1.06335
1.06335
1.06335
1.06335
1.06335
1.06335
1.06335
1.06335
1.06335
1.06335
1.06335
1.06335
1.06335
1.06335
1.06335
1.06335
1.06335
1.06335
1.06335
1.06335
1.06335
1.06335
1.06335
1.06335
1.06335
1.06335
1.06335
1.06335
1.06335
1.06335
1.06335
1.06335
1.06335
1.06335
1.06335
1.06335
1.06335
1.06335
1.06335
1.06504
1.06298
1.05807
1.05062
1.04077
1.02865
1.01434
0.997898
0.979387
0.95885
0.936329
0.911862
0.885485
0.857232
0.827141
0.795249
0.761599
0.72624
0.689229
0.650632
0.610535
0.569045
0.526305
0.48254
0.438255
0.422401
0.407856
0.394104
0.380971
0.36836
0.356203
0.344449
0.333056
0.32199
0.311223
0.30073
0.290491
0.280487
0.270703
0.261123
0.251735
0.242528
0.233489
0.22461
0.215882
0.207296
0.198845
0.190521
0.182317
0.174229
0.166249
0.158372
0.150594
0.14291
0.135315
0.127806
0.120378
0.11303
0.105757
0.0985584
0.0914309
0.0843733
0.0773846
0.0704644
0.0636129
0.0568312
0.0501214
0.0434867
0.0369319
0.0304636
0.0240912
0.0178277
0.0116921
0.00571622
-2.14646e-05
