mu = 0.446366
0.194177
0.547775
0.492537
0.501166
0.499818
0.500028
0.499996
0.500001
0.5
0.5
0.5
0.5
0.5
0.5
0.5
0.5
0.5
0.5
0.5
0.5
0.5
0.5
0.5
0.5
0.5
0.5
0.5
0.5
0.5
0.5
0.5
0.5
0.5
0.5
0.5
0.5
0.5
0.5
0.5
0.5
0.5
0.5
0.5
0.5
0.5
0.5
0.499999
0.500008
0.499947
0.500338
0.497834
0.31729
0.202222
0.128885
0.0821434
0.0523534
0.033367
0.0212661
0.0135538
0.00863839
0.0055056
0.00350895
0.0022364
0.00142535
0.000908433
0.000578982
0.000369009
0.000235185
0.000149893
9.55329e-05
6.08873e-05
3.88065e-05
2.47346e-05
1.5769e-05
1.00638e-05
6.4533e-06
6.4533e-06
6.4533e-06
6.4533e-06
6.4533e-06
6.4533e-06
6.4533e-06
6.4533e-06
6.4533e-06
6.4533e-06
6.4533e-06
6.4533e-06
6.4533e-06
6.4533e-06
6.4533e-06
6.4533e-06
6.4533e-06
6.4533e-06
6.4533e-06
6.4533e-06
6.4533e-06
6.4533e-06
6.4533e-06
6.4533e-06
6.4533e-06
6.4533e-06
6.4533e-06
6.4533e-06
6.4533e-06
6.4533e-06
6.4533e-06
6.4533e-06
6.4533e-06
6.45331e-06
6.45331e-06
6.45332e-06
6.45334e-06
6.45341e-06
6.45361e-06
6.45422e-06
6.45606e-06
6.46159e-06
6.47815e-06
6.52783e-06
6.67688e-06
7.12403e-06
8.46548e-06
1.24898e-05
2.45629e-05
6.0782e-05
0.000169439
0.089287
0.176121
0.259538
0.339196
0.414967
0.486813
0.55475
0.618825
0.679105
0.735667
0.788595
0.837972
0.883884
0.926411
0.965626
1.0016
1.03439
1.06405
1.09061
1.1141
1.13452
1.15183
1.16597
1.17672
1.18332
1.14298
1.10299
1.06401
1.02628
0.989867
0.954815
0.921121
0.888767
0.857719
0.827936
0.799371
0.771976
0.745698
0.720487
0.696291
0.673061
0.650747
0.629303
0.608684
0.588845
0.569745
0.551345
0.533607
0.516495
0.499975
0.484015
0.468583
0.453652
0.439193
0.425181
0.411591
0.398399
0.385583
0.373122
0.360996
0.349185
0.337671
0.326435
0.315461
0.304731
0.294229
0.283938
0.273841
0.263922
0.254161
0.244539
0.235033
0.225614
0.216236
0.20677
