mu = -0.889315
0.5
0.5
0.5
0.5
0.5
0.5
0.5
0.5
0.5
0.5
0.5
0.5
0.5
0.5
0.5
0.5
0.5
0.5
0.5
0.5
0.5
0.5
0.5
0.5
0.5
0.5
0.5
0.5
0.5
0.5
0.5
0.5
0.5
0.5
0.5
0.5
0.5
0.5
0.5
0.5
0.5
0.5
0.5
0.5
0.5
0.5
0.5
0.499989
0.499632
0.487439
0.0707536
0.0273065
0.0133521
0.00963345
0.00965447
0.0112716
0.013838
0.017236
0.0215543
0.0269838
0.033791
0.0423189
0.0530001
0.0663776
0.0831318
0.104115
0.130394
0.163307
0.204527
0.256151
0.320806
0.40178
0.503193
0.630203
0.789272
0.988491
0.990752
0.991505
0.991757
0.99184
0.991868
0.991878
0.991881
0.991882
0.991882
0.991882
0.991882
0.991882
0.991882
0.991882
0.991882
0.991882
0.991882
0.991882
0.991882
0.991882
0.991882
0.991882
0.991882
0.991882
0.991882
0.991882
0.991882
0.991882
0.991882
0.991882
0.991882
0.991882
0.991882
0.991882
0.991882
0.991882
0.991882
0.991882
0.991882
0.991882
0.991882
0.991882
0.991882
0.991882
0.991882
0.991882
0.991882
0.991882
0.991882
0.991882
0.98996
0.984851
0.977305
0.967585
0.955839
0.942171
0.926667
0.909396
0.890419
0.86979
0.847559
0.823775
0.798484
0.771733
0.74357
0.714047
0.683218
0.651143
0.617888
0.583529
0.548158
0.511882
0.47484
0.437235
0.399496
0.384961
0.371533
0.358792
0.346594
0.33486
0.323531
0.312565
0.301926
0.291584
0.281517
0.271702
0.262123
0.252764
0.243611
0.234652
0.225876
0.217273
0.208834
0.200551
0.192417
0.184425
0.176568
0.168842
0.16124
0.153758
0.146391
0.139136
0.131989
0.124946
0.118005
0.111163
0.104417
0.0977666
0.0912092
0.0847438
0.0783697
0.0720866
0.0658946
0.0597944
0.0537873
0.0478752
0.0420609
0.0363484
0.0307426
0.0252501
0.0198797
0.0146431
0.00955673
0.00464724
-2.13669e-05
