mu = -0.40227
0.5
0.5
0.5
0.5
0.5
0.5
0.5
0.5
0.5
0.5
0.5
0.5
0.5
0.5
0.5
0.5
0.5
0.5
0.5
0.5
0.5
0.5
0.5
0.5
0.5
0.5
0.5
0.5
0.5
0.5
0.5
0.5
0.5
0.5
0.5
0.5
0.5
0.5
0.5
0.5
0.5
0.5
0.5
0.500002
0.499991
0.500053
0.499694
0.501759
0.489888
0.558136
0.165762
0.0572436
0.0197756
0.00684378
0.00238828
0.000866096
0.000367397
0.000239601
0.000268738
0.000399677
0.000644323
0.00105784
0.00174349
0.00287591
0.00474465
0.00782798
0.0129151
0.0213082
0.0351557
0.0580023
0.0956962
0.157886
0.260491
0.429776
0.709073
1.16988
1.18051
1.18406
1.18524
1.18563
1.18576
1.18581
1.18582
1.18583
1.18583
1.18583
1.18583
1.18583
1.18583
1.18583
1.18583
1.18583
1.18583
1.18583
1.18583
1.18583
1.18583
1.18583
1.18583
1.18583
1.18583
1.18583
1.18583
1.18583
1.18583
1.18583
1.18583
1.18583
1.18583
1.18583
1.18583
1.18583
1.18583
1.18583
1.18583
1.18583
1.18583
1.18583
1.18583
1.18583
1.18583
1.18583
1.18583
1.18583
1.18583
1.18583
1.20165
1.21216
1.21878
1.22196
1.22187
1.21864
1.21232
1.20294
1.19051
1.17502
1.15641
1.13466
1.10969
1.08143
1.04981
1.01473
0.976108
0.933834
0.88781
0.837944
0.784152
0.726378
0.664613
0.598982
0.530112
0.510584
0.493139
0.476868
0.461477
0.446808
0.432757
0.419246
0.406212
0.393606
0.381386
0.369516
0.357967
0.346712
0.335727
0.324992
0.314487
0.304194
0.294099
0.284185
0.274438
0.264845
0.255393
0.24607
0.236864
0.227762
0.218754
0.209827
0.200971
0.192174
0.183424
0.17471
0.166021
0.157343
0.148666
0.139976
0.131261
0.122508
0.113704
0.104836
0.0958893
0.0868517
0.0777098
0.068451
0.059064
0.0495393
0.0398704
0.0300561
0.0201045
0.010046
-3.67971e-06
