mu = 0.99634
0.0673851
0.469531
0.497854
0.499849
0.499989
0.499999
0.5
0.5
0.5
0.5
0.5
0.5
0.5
0.5
0.5
0.5
0.5
0.5
0.5
0.5
0.5
0.5
0.5
0.5
0.5
0.5
0.5
0.5
0.5
0.5
0.5
0.5
0.5
0.5
0.5
0.5
0.5
0.5
0.5
0.5
0.5
0.5
0.5
0.5
0.5
0.5
0.5
0.5
0.499997
0.499954
0.499354
0.408489
0.334159
0.273354
0.223614
0.182924
0.149639
0.12241
0.100136
0.0819146
0.0670091
0.0548159
0.0448414
0.0366819
0.0300071
0.0245469
0.0200802
0.0164264
0.0134374
0.0109923
0.00899209
0.00735593
0.00601763
0.00492328
0.00402929
0.00330162
0.00330162
0.00330162
0.00330162
0.00330162
0.00330162
0.00330162
0.00330162
0.00330162
0.00330162
0.00330162
0.00330162
0.00330162
0.00330162
0.00330162
0.00330162
0.00330162
0.00330162
0.00330162
0.00330162
0.00330162
0.00330162
0.00330162
0.00330162
0.00330162
0.00330162
0.00330162
0.00330162
0.00330162
0.00330162
0.00330162
0.00330162
0.00330162
0.00330162
0.00330162
0.00330162
0.00330162
0.00330162
0.00330162
0.00330162
0.00330162
0.00330162
0.00330161
0.00330158
0.00330151
0.00330128
0.0033006
0.00329854
0.00329238
0.0032739
0.00321846
0.0440025
0.0856418
0.127492
0.169253
0.210722
0.251739
0.292175
0.331921
0.370882
0.408976
0.446128
0.482272
0.517346
0.551292
0.584057
0.615588
0.645833
0.67474
0.702256
0.728324
0.752881
0.775854
0.79715
0.816621
0.833875
0.829111
0.823105
0.81623
0.80866
0.800511
0.791874
0.78282
0.773412
0.7637
0.753729
0.743538
0.733161
0.722626
0.711962
0.701192
0.690336
0.679414
0.668443
0.657439
0.646414
0.635382
0.624354
0.613339
0.602347
0.591386
0.580463
0.569585
0.558757
0.547984
0.537272
0.526623
0.516041
0.50553
0.49509
0.484725
0.474435
0.464221
0.454084
0.444024
0.43404
0.424132
0.414296
0.404533
0.394837
0.385206
0.375633
0.366111
0.35663
0.34717
0.337674
