mu = -0.311323
0.5
0.5
0.5
0.5
0.5
0.5
0.5
0.5
0.5
0.5
0.5
0.5
0.5
0.5
0.5
0.5
0.5
0.5
0.5
0.5
0.5
0.5
0.5
0.5
0.5
0.5
0.5
0.5
0.5
0.5
0.5
0.5
0.5
0.5
0.5
0.5
0.5
0.5
0.5
0.5
0.5
0.5
0.499999
0.500005
0.499976
0.500116
0.499441
0.502693
0.487041
0.562373
0.199806
0.0694006
0.0241059
0.00837349
0.00290954
0.00101271
0.000355813
0.000131371
6.05618e-05
4.96807e-05
7.22102e-05
0.000130508
0.000247584
0.000474007
0.000909017
0.00174378
0.00334529
0.00641771
0.012312
0.0236198
0.0453131
0.0869304
0.166771
0.319939
0.613784
1.17751
1.19374
1.19915
1.20096
1.20156
1.20176
1.20182
1.20185
1.20185
1.20186
1.20186
1.20186
1.20186
1.20186
1.20186
1.20186
1.20186
1.20186
1.20186
1.20186
1.20186
1.20186
1.20186
1.20186
1.20186
1.20186
1.20186
1.20186
1.20186
1.20186
1.20186
1.20186
1.20186
1.20186
1.20186
1.20186
1.20186
1.20186
1.20186
1.20186
1.20186
1.20186
1.20186
1.20186
1.20186
1.20186
1.20186
1.20186
1.20186
1.20186
1.20186
1.22476
1.24171
1.25447
1.26353
1.26913
1.27137
1.27032
1.26599
1.25834
1.24732
1.23284
1.21479
1.19303
1.16741
1.13773
1.10378
1.06534
1.02213
0.973871
0.92027
0.861008
0.795771
0.724276
0.646376
0.562542
0.54128
0.522569
0.505248
0.488942
0.473462
0.458683
0.444513
0.430879
0.417723
0.404999
0.392665
0.380689
0.369039
0.35769
0.346619
0.335803
0.325225
0.314865
0.304707
0.294735
0.284934
0.275289
0.265787
0.256414
0.247155
0.237997
0.228926
0.219927
0.210986
0.202088
0.193216
0.184355
0.175486
0.166591
0.15765
0.148642
0.139543
0.13033
0.120977
0.111455
0.101734
0.0917833
0.081568
0.0710533
0.0602033
0.0489826
0.0373584
0.0253058
0.0128249
2.299e-05
