mu = -0.489403
0.5
0.5
0.5
0.5
0.5
0.5
0.5
0.5
0.5
0.5
0.5
0.5
0.5
0.5
0.5
0.5
0.5
0.5
0.5
0.5
0.5
0.5
0.5
0.5
0.5
0.5
0.5
0.5
0.5
0.5
0.5
0.5
0.5
0.5
0.5
0.5
0.5
0.5
0.5
0.5
0.5
0.5
0.5
0.5
0.499997
0.500018
0.499868
0.500957
0.493088
0.549946
0.139092
0.0478715
0.0165304
0.00579
0.00215097
0.000980995
0.000701199
0.00078962
0.00109832
0.00162394
0.00243698
0.00366965
0.00553016
0.00833545
0.0125643
0.0189387
0.0285473
0.0430308
0.0648625
0.0977705
0.147374
0.222145
0.33485
0.504737
0.760815
1.14681
1.15432
1.15682
1.15765
1.15793
1.15802
1.15805
1.15806
1.15806
1.15807
1.15807
1.15807
1.15807
1.15807
1.15807
1.15807
1.15807
1.15807
1.15807
1.15807
1.15807
1.15807
1.15807
1.15807
1.15807
1.15807
1.15807
1.15807
1.15807
1.15807
1.15807
1.15807
1.15807
1.15807
1.15807
1.15807
1.15807
1.15807
1.15807
1.15807
1.15807
1.15807
1.15807
1.15807
1.15807
1.15807
1.15807
1.15807
1.15807
1.15807
1.15807
1.16861
1.17436
1.17653
1.17552
1.17149
1.16456
1.1548
1.14227
1.12697
1.10893
1.08815
1.06461
1.0383
1.00921
0.977299
0.942551
0.904939
0.864442
0.821043
0.774737
0.725537
0.673484
0.618669
0.561297
0.50199
0.483727
0.467245
0.451794
0.437124
0.423104
0.409642
0.39667
0.384132
0.371985
0.360191
0.348718
0.337541
0.326635
0.315978
0.305553
0.295342
0.285328
0.275499
0.265841
0.25634
0.246986
0.237767
0.228672
0.219692
0.210817
0.202037
0.193342
0.184725
0.176177
0.167688
0.159251
0.150856
0.142497
0.134165
0.125853
0.117552
0.109255
0.100956
0.0926468
0.0843221
0.0759759
0.0676037
0.0592018
0.0507684
0.0423041
0.0338126
0.025303
0.0167927
0.00831818
-1.42604e-05
