mu = -0.961009
0.5
0.5
0.5
0.5
0.5
0.5
0.5
0.5
0.5
0.5
0.5
0.5
0.5
0.5
0.5
0.5
0.5
0.5
0.5
0.5
0.5
0.5
0.5
0.5
0.5
0.5
0.5
0.5
0.5
0.5
0.5
0.5
0.5
0.5
0.5
0.5
0.5
0.5
0.5
0.5
0.5
0.5
0.5
0.5
0.5
0.5
0.499995
0.499919
0.498582
0.47517
0.0650988
0.0268049
0.0148858
0.0121762
0.0129044
0.0151818
0.0184555
0.0226463
0.0278614
0.0343023
0.0422407
0.0520189
0.0640618
0.0788929
0.0971578
0.119651
0.147353
0.181467
0.223479
0.275218
0.338936
0.417405
0.51404
0.633048
0.779609
0.960101
0.962008
0.962644
0.962856
0.962927
0.96295
0.962958
0.962961
0.962962
0.962962
0.962962
0.962962
0.962962
0.962962
0.962962
0.962962
0.962962
0.962962
0.962962
0.962962
0.962962
0.962962
0.962962
0.962962
0.962962
0.962962
0.962962
0.962962
0.962962
0.962962
0.962962
0.962962
0.962962
0.962962
0.962962
0.962962
0.962962
0.962962
0.962962
0.962962
0.962962
0.962962
0.962962
0.962962
0.962962
0.962962
0.962962
0.962962
0.962962
0.962962
0.962962
0.95996
0.953964
0.945681
0.935357
0.923135
0.909118
0.89339
0.876019
0.857069
0.836593
0.814644
0.791273
0.766526
0.740455
0.713108
0.684539
0.654804
0.623964
0.592086
0.559249
0.525539
0.491065
0.45596
0.420417
0.384838
0.370791
0.357785
0.345431
0.333595
0.322202
0.311199
0.300544
0.290204
0.280152
0.270366
0.260825
0.251514
0.242417
0.233521
0.224816
0.21629
0.207935
0.199743
0.191705
0.183814
0.176065
0.168452
0.160969
0.153611
0.146375
0.139256
0.13225
0.125355
0.118566
0.111883
0.105302
0.098821
0.0924391
0.0861548
0.0799672
0.0738757
0.0678802
0.0619811
0.0561793
0.0504761
0.0448737
0.0393748
0.0339833
0.028704
0.0235433
0.0185095
0.0136137
0.00887104
0.00430644
-2.09596e-05
