mu = -0.0243503
0.5
0.5
0.5
0.5
0.5
0.5
0.5
0.5
0.5
0.5
0.5
0.5
0.5
0.5
0.5
0.5
0.5
0.5
0.5
0.5
0.5
0.5
0.5
0.5
0.5
0.5
0.5
0.5
0.5
0.5
0.5
0.5
0.5
0.5
0.5
0.5
0.5
0.5
0.5
0.5
0.5
0.5
0.499998
0.500007
0.499975
0.500093
0.499652
0.501301
0.495138
0.518171
0.432079
-0.0991875
0.0227694
-0.00522692
0.00119989
-0.000275444
6.32307e-05
-1.45152e-05
3.33208e-06
-7.64886e-07
1.75487e-07
-3.98509e-08
7.25898e-09
6.56315e-09
-3.73558e-08
1.64741e-07
-7.18103e-07
3.12829e-06
-1.36274e-05
5.93636e-05
-0.000258598
0.0011265
-0.00490724
0.0213768
-0.0931213
0.405653
0.831122
0.972945
1.02022
1.03598
1.04123
1.04298
1.04356
1.04376
1.04382
1.04385
1.04385
1.04386
1.04386
1.04386
1.04386
1.04386
1.04386
1.04386
1.04386
1.04386
1.04386
1.04386
1.04386
1.04386
1.04386
1.04386
1.04386
1.04386
1.04386
1.04386
1.04386
1.04386
1.04386
1.04386
1.04386
1.04386
1.04386
1.04386
1.04386
1.04386
1.04386
1.04386
1.04386
1.04386
1.04386
1.04386
1.04386
1.04386
1.04386
1.04386
1.10676
1.15299
1.19201
1.22589
1.25552
1.28144
1.30402
1.32353
1.34017
1.35406
1.36532
1.37401
1.38017
1.38381
1.38494
1.38351
1.37946
1.37269
1.36304
1.35026
1.33385
1.31216
1.27722
1.182
0.734384
0.677214
0.646458
0.621709
0.599533
0.579081
0.559982
0.541998
0.524959
0.508736
0.493228
0.478355
0.46405
0.450259
0.436936
0.424041
0.411541
0.399405
0.387608
0.376125
0.364937
0.354024
0.343369
0.332956
0.322771
0.3128
0.30303
0.29345
0.284049
0.274815
0.265738
0.256809
0.248016
0.239352
0.230804
0.222364
0.214022
0.205766
0.197585
0.189466
0.181395
0.173356
0.165328
0.157289
0.149206
0.141033
0.132683
0.123871
0.113194
0.0923015
0.00903935
