mu = 0.929569
0.075257
0.48088
0.499139
0.499961
0.499998
0.5
0.5
0.5
0.5
0.5
0.5
0.5
0.5
0.5
0.5
0.5
0.5
0.5
0.5
0.5
0.5
0.5
0.5
0.5
0.5
0.5
0.5
0.5
0.5
0.5
0.5
0.5
0.5
0.5
0.5
0.5
0.5
0.5
0.5
0.5
0.5
0.5
0.5
0.5
0.5
0.5
0.5
0.5
0.499999
0.499967
0.499274
0.402563
0.324586
0.261713
0.211019
0.170144
0.137187
0.110613
0.0891872
0.0719114
0.057982
0.0467508
0.037695
0.0303934
0.0245061
0.0197593
0.0159318
0.0128458
0.0103575
0.00835127
0.00673363
0.00542937
0.00437786
0.00353036
0.00284799
0.00230066
0.00230066
0.00230066
0.00230066
0.00230066
0.00230066
0.00230066
0.00230066
0.00230066
0.00230066
0.00230066
0.00230066
0.00230066
0.00230066
0.00230066
0.00230066
0.00230066
0.00230066
0.00230066
0.00230066
0.00230066
0.00230066
0.00230066
0.00230066
0.00230066
0.00230066
0.00230066
0.00230066
0.00230066
0.00230066
0.00230066
0.00230066
0.00230066
0.00230066
0.00230066
0.00230066
0.00230066
0.00230066
0.00230066
0.00230066
0.00230066
0.00230065
0.00230065
0.00230062
0.00230055
0.00230033
0.00229969
0.00229774
0.0022919
0.00227438
0.00222181
0.0459154
0.0904017
0.134994
0.179375
0.223332
0.266702
0.309351
0.351167
0.392057
0.431937
0.470734
0.508382
0.544822
0.579998
0.613857
0.646349
0.677424
0.707033
0.735123
0.761639
0.786519
0.80969
0.831057
0.850467
0.867505
0.860989
0.853218
0.844592
0.835295
0.825451
0.815156
0.804485
0.793503
0.782262
0.770808
0.759181
0.747415
0.73554
0.723582
0.711565
0.699509
0.687433
0.675353
0.663284
0.651238
0.639227
0.627261
0.61535
0.6035
0.59172
0.580015
0.568391
0.556852
0.545402
0.534045
0.522784
0.51162
0.500556
0.489592
0.478729
0.467968
0.457309
0.44675
0.436292
0.425932
0.415668
0.405498
0.395418
0.385425
0.375513
0.365675
0.355903
0.346186
0.336501
0.326786
