mu = -0.75282
0.5
0.5
0.5
0.5
0.5
0.5
0.5
0.5
0.5
0.5
0.5
0.5
0.5
0.5
0.5
0.5
0.5
0.5
0.5
0.5
0.5
0.5
0.5
0.5
0.5
0.5
0.5
0.5
0.5
0.5
0.5
0.5
0.5
0.5
0.5
0.5
0.5
0.5
0.5
0.5
0.5
0.5
0.5
0.5
0.5
0.5
0.5
0.500008
0.499713
0.510891
0.0861369
0.0306743
0.012159
0.0063633
0.00506269
0.00550075
0.00680033
0.00874419
0.0113651
0.0148135
0.0193226
0.0252091
0.0328907
0.0429134
0.0559906
0.073053
0.0953149
0.124361
0.162258
0.211704
0.276218
0.360391
0.470215
0.613507
0.800465
1.0444
1.04762
1.04869
1.04905
1.04917
1.04921
1.04922
1.04923
1.04923
1.04923
1.04923
1.04923
1.04923
1.04923
1.04923
1.04923
1.04923
1.04923
1.04923
1.04923
1.04923
1.04923
1.04923
1.04923
1.04923
1.04923
1.04923
1.04923
1.04923
1.04923
1.04923
1.04923
1.04923
1.04923
1.04923
1.04923
1.04923
1.04923
1.04923
1.04923
1.04923
1.04923
1.04923
1.04923
1.04923
1.04923
1.04923
1.04923
1.04923
1.04923
1.04923
1.05007
1.04729
1.04175
1.03374
1.02341
1.01089
0.996252
0.979563
0.960882
0.940258
0.917734
0.893352
0.867149
0.839165
0.80944
0.778015
0.744936
0.710257
0.674036
0.636344
0.597269
0.556919
0.515437
0.473045
0.430233
0.414657
0.400344
0.386801
0.37386
0.361427
0.349439
0.337843
0.326602
0.315681
0.305054
0.294696
0.284588
0.274712
0.265052
0.255594
0.246326
0.237237
0.228316
0.219554
0.210942
0.202473
0.194138
0.185931
0.177846
0.169876
0.162018
0.154264
0.146611
0.139055
0.131591
0.124216
0.116927
0.10972
0.102594
0.0955459
0.0885743
0.0816779
0.0748562
0.068109
0.0614369
0.0548412
0.0483244
0.0418898
0.0355423
0.0292889
0.0231388
0.0171048
0.0112054
0.00547157
-2.15999e-05
