mu = -0.648965
0.5
0.5
0.5
0.5
0.5
0.5
0.5
0.5
0.5
0.5
0.5
0.5
0.5
0.5
0.5
0.5
0.5
0.5
0.5
0.5
0.5
0.5
0.5
0.5
0.5
0.5
0.5
0.5
0.5
0.5
0.5
0.5
0.5
0.5
0.5
0.5
0.5
0.5
0.5
0.5
0.5
0.5
0.5
0.5
0.5
0.500001
0.49999
0.500138
0.498036
0.527929
0.102784
0.035635
0.0128546
0.00530839
0.00305869
0.00273942
0.00324292
0.00424936
0.00572957
0.00778273
0.0105914
0.0144206
0.0196364
0.0267395
0.0364123
0.0495843
0.0675213
0.0919468
0.125208
0.170502
0.23218
0.31617
0.430544
0.586292
0.79838
1.08719
1.09156
1.09301
1.0935
1.09366
1.09371
1.09373
1.09374
1.09374
1.09374
1.09374
1.09374
1.09374
1.09374
1.09374
1.09374
1.09374
1.09374
1.09374
1.09374
1.09374
1.09374
1.09374
1.09374
1.09374
1.09374
1.09374
1.09374
1.09374
1.09374
1.09374
1.09374
1.09374
1.09374
1.09374
1.09374
1.09374
1.09374
1.09374
1.09374
1.09374
1.09374
1.09374
1.09374
1.09374
1.09374
1.09374
1.09374
1.09374
1.09374
1.09374
1.09754
1.09732
1.09404
1.08803
1.07946
1.06843
1.05504
1.03933
1.02137
1.00119
0.978823
0.954301
0.92765
0.898894
0.868061
0.835177
0.800274
0.763389
0.724568
0.683869
0.641367
0.59716
0.551391
0.504288
0.456395
0.439898
0.424822
0.410597
0.397031
0.384019
0.371487
0.359379
0.347651
0.336266
0.325192
0.314405
0.303881
0.293601
0.283547
0.273704
0.264058
0.254596
0.245306
0.236177
0.227201
0.218366
0.209666
0.201091
0.192635
0.184291
0.176051
0.16791
0.159862
0.1519
0.144021
0.136219
0.128489
0.120828
0.113232
0.105696
0.098219
0.0907974
0.0834294
0.0761134
0.0688488
0.0616356
0.0544749
0.0473691
0.0403222
0.0333403
0.0264325
0.0196118
0.012898
0.0063251
-2.07224e-05
