mu = 0.35722
0.236922
0.550311
0.490379
0.50184
0.499648
0.500067
0.499987
0.500002
0.5
0.5
0.5
0.5
0.5
0.5
0.5
0.5
0.5
0.5
0.5
0.5
0.5
0.5
0.5
0.5
0.5
0.5
0.5
0.5
0.5
0.5
0.5
0.5
0.5
0.5
0.5
0.5
0.5
0.5
0.5
0.5
0.5
0.5
0.5
0.5
0.5
0.500001
0.499996
0.50002
0.499896
0.500543
0.49716
0.282469
0.160489
0.091184
0.0518075
0.0294352
0.016724
0.009502
0.0053987
0.00306735
0.00174276
0.000990174
0.000562582
0.000319639
0.000181607
0.000103183
5.86249e-05
3.33086e-05
1.89248e-05
1.07524e-05
6.10914e-06
3.47104e-06
1.97225e-06
1.12093e-06
6.37929e-07
3.65502e-07
3.65502e-07
3.65502e-07
3.65502e-07
3.65502e-07
3.65502e-07
3.65502e-07
3.65502e-07
3.65502e-07
3.65502e-07
3.65502e-07
3.65502e-07
3.65502e-07
3.65502e-07
3.65502e-07
3.65502e-07
3.65502e-07
3.65502e-07
3.65502e-07
3.65502e-07
3.65502e-07
3.65502e-07
3.65502e-07
3.65502e-07
3.65502e-07
3.65502e-07
3.65502e-07
3.65502e-07
3.65502e-07
3.65502e-07
3.65502e-07
3.65503e-07
3.65503e-07
3.65505e-07
3.65511e-07
3.65529e-07
3.65583e-07
3.65745e-07
3.66231e-07
3.67687e-07
3.72057e-07
3.85166e-07
4.24494e-07
5.42477e-07
8.96425e-07
1.95827e-06
5.14381e-06
1.47004e-05
4.33703e-05
0.00012938
0.000387408
0.110518
0.215598
0.314522
0.407155
0.493608
0.574079
0.648804
0.718037
0.782031
0.841037
0.89529
0.945016
0.990421
1.0317
1.06901
1.10252
1.13235
1.15863
1.18144
1.20084
1.21688
1.22955
1.23878
1.24433
1.24527
1.18884
1.13454
1.08303
1.03437
0.988508
0.945326
0.904685
0.866435
0.830425
0.796504
0.764527
0.734356
0.705862
0.67892
0.653417
0.629246
0.606308
0.58451
0.563769
0.544006
0.525149
0.50713
0.489889
0.47337
0.457519
0.442289
0.427636
0.413518
0.399898
0.386742
0.374016
0.361691
0.349739
0.338134
0.326852
0.31587
0.305167
0.294723
0.284517
0.274533
0.264751
0.255154
0.245723
0.236441
0.227287
0.218241
0.209276
0.200361
0.191443
0.182367
