mu = -0.264687
0.5
0.5
0.5
0.5
0.5
0.5
0.5
0.5
0.5
0.5
0.5
0.5
0.5
0.5
0.5
0.5
0.5
0.5
0.5
0.5
0.5
0.5
0.5
0.5
0.5
0.5
0.5
0.5
0.5
0.5
0.5
0.5
0.5
0.5
0.5
0.5
0.5
0.5
0.5
0.5
0.5
0.5
0.499998
0.500008
0.499965
0.500155
0.499306
0.503112
0.486054
0.562496
0.219927
0.076683
0.0267374
0.00932266
0.00325066
0.00113361
0.000395678
0.000138866
5.03739e-05
2.17955e-05
1.67583e-05
2.56671e-05
5.18575e-05
0.000110954
0.000239707
0.00051868
0.00112261
0.00242983
0.00525926
0.0113835
0.0246391
0.0533304
0.115432
0.249848
0.540786
1.17051
1.19134
1.19829
1.2006
1.20137
1.20163
1.20172
1.20174
1.20175
1.20176
1.20176
1.20176
1.20176
1.20176
1.20176
1.20176
1.20176
1.20176
1.20176
1.20176
1.20176
1.20176
1.20176
1.20176
1.20176
1.20176
1.20176
1.20176
1.20176
1.20176
1.20176
1.20176
1.20176
1.20176
1.20176
1.20176
1.20176
1.20176
1.20176
1.20176
1.20176
1.20176
1.20176
1.20176
1.20176
1.20176
1.20176
1.20176
1.20176
1.20176
1.20176
1.22897
1.24983
1.26634
1.27907
1.28828
1.29409
1.29656
1.29568
1.29143
1.28372
1.27243
1.25742
1.23848
1.21541
1.18792
1.15572
1.11844
1.07568
1.027
0.971879
0.909775
0.840096
0.762245
0.675732
0.580752
0.558335
0.538816
0.520838
0.503968
0.487992
0.472771
0.458201
0.444206
0.430721
0.417696
0.405087
0.392858
0.380978
0.369417
0.358152
0.347161
0.336422
0.325918
0.31563
0.305543
0.295641
0.285909
0.276332
0.266896
0.257585
0.248387
0.239285
0.230264
0.221309
0.212403
0.203526
0.194661
0.185787
0.176881
0.167918
0.158871
0.149711
0.140405
0.130916
0.121205
0.111226
0.100931
0.090266
0.0791708
0.0675819
0.0554312
0.0426485
0.0291669
0.0149425
5.12854e-05
