mu = 0.0243503
0.478931
0.505637
0.498492
0.500403
0.499892
0.500029
0.499992
0.500002
0.499999
0.5
0.5
0.5
0.5
0.5
0.5
0.5
0.5
0.5
0.5
0.5
0.5
0.5
0.5
0.5
0.5
0.5
0.5
0.5
0.5
0.5
0.5
0.5
0.5
0.5
0.5
0.5
0.5
0.5
0.5
0.5
0.5
0.5
0.499999
0.500003
0.499989
0.500041
0.499847
0.500573
0.49786
0.508001
0.470095
-0.107915
0.0247727
-0.0056868
0.00130546
-0.000299679
6.8794e-05
-1.57923e-05
3.62526e-06
-8.32211e-07
1.91041e-07
-4.38552e-08
1.00674e-08
-2.31105e-09
5.30523e-10
-1.21786e-10
2.79571e-11
-6.41781e-12
1.47326e-12
-3.38201e-13
7.76371e-14
-1.78223e-14
4.09153e-15
-9.40334e-16
2.20601e-16
-7.12836e-17
-7.12836e-17
-7.12836e-17
-7.12836e-17
-7.12836e-17
-7.12836e-17
-7.12835e-17
-7.12833e-17
-7.12828e-17
-7.12811e-17
-7.1276e-17
-7.12608e-17
-7.12153e-17
-7.10786e-17
-7.06687e-17
-6.94388e-17
-6.57492e-17
-5.46804e-17
-2.1474e-17
7.81453e-17
3.77003e-16
1.27358e-15
3.9633e-15
1.20325e-14
3.62399e-14
1.08862e-13
3.2673e-13
9.80332e-13
2.94114e-12
8.82355e-12
2.64708e-11
7.94126e-11
2.38238e-10
7.14714e-10
2.14414e-09
6.43242e-09
1.92973e-08
5.78918e-08
1.73675e-07
5.21026e-07
1.56308e-06
4.68924e-06
1.40677e-05
4.22031e-05
0.000126609
0.000379828
0.00113948
0.00341845
0.0102554
0.0307661
0.0922982
0.902812
1.07511
1.14024
1.18333
1.21871
1.24932
1.27604
1.29934
1.31951
1.33676
1.35125
1.36308
1.37233
1.37904
1.38323
1.38491
1.38405
1.38058
1.37443
1.36544
1.3534
1.33797
1.31831
1.291
1.23564
0.788205
0.691536
0.653504
0.627085
0.604284
0.583454
0.564067
0.545848
0.52861
0.512215
0.496557
0.481549
0.467124
0.453224
0.439802
0.426816
0.414232
0.402019
0.39015
0.3786
0.367349
0.356378
0.345668
0.335203
0.324969
0.314953
0.30514
0.29552
0.286081
0.276811
0.267701
0.258741
0.249919
0.241227
0.232655
0.224193
0.215831
0.207557
0.199361
0.19123
0.18315
0.175106
0.167078
0.159045
0.150977
0.142837
0.13457
0.126093
0.117207
0.107004
