mu = -0.910522
0.5
0.5
0.5
0.5
0.5
0.5
0.5
0.5
0.5
0.5
0.5
0.5
0.5
0.5
0.5
0.5
0.5
0.5
0.5
0.5
0.5
0.5
0.5
0.5
0.5
0.5
0.5
0.5
0.5
0.5
0.5
0.5
0.5
0.5
0.5
0.5
0.5
0.5
0.5
0.5
0.5
0.5
0.5
0.5
0.5
0.5
0.499999
0.499977
0.499391
0.483791
0.0689241
0.0270737
0.0137441
0.0103296
0.0105598
0.0123709
0.0151455
0.0187782
0.0233639
0.0290974
0.0362473
0.0451574
0.0562588
0.0700897
0.0873209
0.108788
0.135534
0.168854
0.210366
0.262084
0.326517
0.40679
0.506798
0.631392
0.786618
0.980005
0.982153
0.982869
0.983108
0.983187
0.983214
0.983222
0.983225
0.983226
0.983227
0.983227
0.983227
0.983227
0.983227
0.983227
0.983227
0.983227
0.983227
0.983227
0.983227
0.983227
0.983227
0.983227
0.983227
0.983227
0.983227
0.983227
0.983227
0.983227
0.983227
0.983227
0.983227
0.983227
0.983227
0.983227
0.983227
0.983227
0.983227
0.983227
0.983227
0.983227
0.983227
0.983227
0.983227
0.983227
0.983227
0.983227
0.983227
0.983227
0.983227
0.983227
0.980963
0.975571
0.967788
0.957872
0.945969
0.932183
0.9166
0.899287
0.880308
0.859716
0.837562
0.813895
0.788762
0.762211
0.734292
0.705055
0.674556
0.642855
0.610019
0.576126
0.541264
0.505542
0.469097
0.432129
0.395059
0.380673
0.367372
0.354748
0.342659
0.331027
0.319797
0.308924
0.298374
0.288119
0.278136
0.268403
0.258904
0.249624
0.240548
0.231664
0.222963
0.214434
0.206069
0.197859
0.189798
0.181878
0.174094
0.16644
0.158911
0.151503
0.14421
0.13703
0.129959
0.122992
0.116129
0.109365
0.1027
0.0961302
0.0896554
0.0832742
0.0769859
0.0707902
0.0646875
0.0586783
0.0527641
0.0469468
0.0412293
0.0356154
0.0301102
0.0247201
0.0194538
0.0143228
0.00934312
0.00454094
-2.12594e-05
