mu = -0.169644
0.5
0.5
0.5
0.5
0.5
0.5
0.5
0.5
0.5
0.5
0.5
0.5
0.5
0.5
0.5
0.5
0.5
0.5
0.5
0.5
0.5
0.5
0.5
0.5
0.5
0.5
0.5
0.5
0.5
0.5
0.5
0.5
0.5
0.5
0.5
0.5
0.5
0.5
0.5
0.5
0.5
0.500001
0.499997
0.500013
0.499947
0.500212
0.499147
0.503433
0.486194
0.55553
0.276656
0.0784782
0.0222617
0.00631491
0.00179133
0.000508142
0.000144143
4.08888e-05
1.15993e-05
3.29214e-06
9.40212e-07
2.89057e-07
1.60785e-07
3.23359e-07
1.07087e-06
3.7555e-06
1.32335e-05
4.66501e-05
0.000164453
0.00057974
0.00204373
0.00720469
0.0253984
0.089536
0.315638
1.1127
1.15449
1.16841
1.17306
1.1746
1.17512
1.17529
1.17535
1.17537
1.17538
1.17538
1.17538
1.17538
1.17538
1.17538
1.17538
1.17538
1.17538
1.17538
1.17538
1.17538
1.17538
1.17538
1.17538
1.17538
1.17538
1.17538
1.17538
1.17538
1.17538
1.17538
1.17538
1.17538
1.17538
1.17538
1.17538
1.17538
1.17538
1.17538
1.17538
1.17538
1.17538
1.17538
1.17538
1.17538
1.17538
1.17538
1.17538
1.17538
1.17538
1.17538
1.21268
1.2424
1.2674
1.2885
1.30607
1.32033
1.33137
1.33925
1.34394
1.34536
1.34337
1.33778
1.3283
1.31458
1.29615
1.27243
1.24269
1.20602
1.1613
1.10713
1.04181
0.963285
0.869067
0.756357
0.622852
0.597011
0.57527
0.555556
0.537227
0.519984
0.50364
0.488065
0.47316
0.458849
0.445068
0.431766
0.4189
0.406433
0.394334
0.382573
0.371128
0.359974
0.349093
0.338465
0.328075
0.317906
0.307942
0.298171
0.288579
0.27915
0.269873
0.260733
0.251715
0.242805
0.233986
0.225241
0.216549
0.207888
0.199232
0.19055
0.181807
0.172959
0.163957
0.154738
0.145227
0.135334
0.124948
0.113933
0.102124
0.0893204
0.0752765
0.0596977
0.0422345
0.0224993
0.000208548
