mu = 0.999305
0.0670626
0.469029
0.497784
0.499842
0.499989
0.499999
0.5
0.5
0.5
0.5
0.5
0.5
0.5
0.5
0.5
0.5
0.5
0.5
0.5
0.5
0.5
0.5
0.5
0.5
0.5
0.5
0.5
0.5
0.5
0.5
0.5
0.5
0.5
0.5
0.5
0.5
0.5
0.5
0.5
0.5
0.5
0.5
0.5
0.5
0.5
0.5
0.5
0.5
0.499997
0.499954
0.499357
0.408736
0.33456
0.273846
0.22415
0.183472
0.150176
0.122923
0.100616
0.0823563
0.0674107
0.0551773
0.045164
0.0369678
0.0302591
0.0247678
0.0202731
0.016594
0.0135826
0.0111177
0.00910014
0.00744876
0.00609721
0.00499136
0.00408744
0.00335124
0.00335124
0.00335124
0.00335124
0.00335124
0.00335124
0.00335124
0.00335124
0.00335124
0.00335124
0.00335124
0.00335124
0.00335124
0.00335124
0.00335124
0.00335124
0.00335124
0.00335124
0.00335124
0.00335124
0.00335124
0.00335124
0.00335124
0.00335124
0.00335124
0.00335124
0.00335124
0.00335124
0.00335124
0.00335124
0.00335124
0.00335124
0.00335124
0.00335124
0.00335124
0.00335124
0.00335124
0.00335124
0.00335124
0.00335124
0.00335124
0.00335124
0.00335123
0.0033512
0.00335113
0.0033509
0.00335021
0.00334816
0.00334199
0.00332347
0.00326793
0.0439314
0.0854524
0.127189
0.16884
0.210204
0.251122
0.291465
0.331123
0.370002
0.40802
0.445101
0.481181
0.516195
0.550088
0.582805
0.614293
0.644501
0.673376
0.700866
0.726913
0.751454
0.774416
0.795706
0.815177
0.832438
0.827744
0.821809
0.815005
0.807505
0.799426
0.790856
0.781869
0.772525
0.762876
0.752967
0.742835
0.732515
0.722037
0.711427
0.700709
0.689904
0.679031
0.668107
0.657147
0.646166
0.635176
0.624188
0.613211
0.602256
0.591331
0.580442
0.569596
0.558799
0.548056
0.537372
0.526751
0.516195
0.505708
0.495291
0.484948
0.47468
0.464486
0.454368
0.444326
0.434359
0.424467
0.414647
0.404898
0.395216
0.385598
0.376038
0.366528
0.357058
0.347609
0.338123
