mu = -0.611155
0.5
0.5
0.5
0.5
0.5
0.5
0.5
0.5
0.5
0.5
0.5
0.5
0.5
0.5
0.5
0.5
0.5
0.5
0.5
0.5
0.5
0.5
0.5
0.5
0.5
0.5
0.5
0.5
0.5
0.5
0.5
0.5
0.5
0.5
0.5
0.5
0.5
0.5
0.5
0.5
0.5
0.5
0.5
0.5
0.5
0.500002
0.499978
0.500253
0.497081
0.533734
0.110105
0.0380053
0.0134489
0.00521397
0.00263215
0.00207733
0.00234404
0.0030692
0.00419732
0.00580494
0.0080508
0.0111733
0.0155095
0.0215295
0.0298864
0.0414873
0.0575912
0.0799461
0.110978
0.154056
0.213856
0.296867
0.412101
0.572064
0.79412
1.10237
1.10729
1.10893
1.10947
1.10965
1.10971
1.10973
1.10974
1.10974
1.10974
1.10974
1.10974
1.10974
1.10974
1.10974
1.10974
1.10974
1.10974
1.10974
1.10974
1.10974
1.10974
1.10974
1.10974
1.10974
1.10974
1.10974
1.10974
1.10974
1.10974
1.10974
1.10974
1.10974
1.10974
1.10974
1.10974
1.10974
1.10974
1.10974
1.10974
1.10974
1.10974
1.10974
1.10974
1.10974
1.10974
1.10974
1.10974
1.10974
1.10974
1.10974
1.11487
1.1158
1.11357
1.10849
1.10076
1.09047
1.07771
1.06253
1.04499
1.02512
1.00294
0.978485
0.951766
0.922804
0.891617
0.858225
0.82265
0.784921
0.745075
0.703162
0.659247
0.613424
0.565829
0.516692
0.466576
0.449706
0.434327
0.419834
0.406025
0.392789
0.380049
0.367747
0.355834
0.344274
0.333034
0.322088
0.311411
0.300983
0.290785
0.280803
0.27102
0.261423
0.252001
0.242742
0.233635
0.224671
0.215841
0.207136
0.198548
0.190069
0.181694
0.173414
0.165223
0.157115
0.149085
0.141126
0.133234
0.125404
0.117632
0.109912
0.102242
0.094618
0.0870372
0.0794975
0.0719973
0.0645358
0.0571135
0.0497318
0.0423941
0.035106
0.0278759
0.0207167
0.0136483
0.0067059
-1.99647e-05
