mu = -0.0729931
0.5
0.5
0.5
0.5
0.5
0.5
0.5
0.5
0.5
0.5
0.5
0.5
0.5
0.5
0.5
0.5
0.5
0.5
0.5
0.5
0.5
0.5
0.5
0.5
0.5
0.5
0.5
0.5
0.5
0.5
0.5
0.5
0.5
0.5
0.5
0.5
0.5
0.5
0.5
0.5
0.5
0.500001
0.499997
0.500011
0.499958
0.500159
0.4994
0.50227
0.49141
0.532506
0.376995
-0.0135393
0.000486248
-1.7463e-05
6.27162e-07
-2.25238e-08
8.08914e-10
-2.90511e-11
1.04334e-12
-3.74701e-14
1.34569e-15
-4.83238e-17
1.59257e-18
3.92222e-18
-1.10946e-16
3.08928e-15
-8.60194e-14
2.39517e-12
-6.66921e-11
1.85701e-09
-5.17074e-08
1.43976e-06
-4.00895e-05
0.00111627
-0.031082
0.865461
1.02413
1.07702
1.09465
1.10052
1.10248
1.10314
1.10335
1.10343
1.10345
1.10346
1.10346
1.10346
1.10346
1.10346
1.10346
1.10346
1.10346
1.10346
1.10346
1.10346
1.10346
1.10346
1.10346
1.10346
1.10346
1.10346
1.10346
1.10346
1.10346
1.10346
1.10346
1.10346
1.10346
1.10346
1.10346
1.10346
1.10346
1.10346
1.10346
1.10346
1.10346
1.10346
1.10346
1.10346
1.10346
1.10346
1.10346
1.10346
1.10346
1.10346
1.15396
1.19352
1.22725
1.25656
1.2821
1.30425
1.3233
1.33945
1.35281
1.3635
1.37154
1.37695
1.37969
1.37964
1.3766
1.37024
1.35996
1.34479
1.32313
1.29227
1.24768
1.18169
1.08139
0.925243
0.679243
0.645619
0.619692
0.597089
0.5765
0.557376
0.539412
0.522412
0.506235
0.490777
0.475954
0.461699
0.447957
0.434681
0.421832
0.409375
0.397282
0.385524
0.37408
0.362928
0.352049
0.341427
0.331045
0.320888
0.310945
0.301201
0.291644
0.282264
0.27305
0.263991
0.255076
0.246296
0.23764
0.229097
0.220657
0.212306
0.20403
0.195811
0.187627
0.179448
0.171228
0.162902
0.154364
0.145447
0.135876
0.125197
0.112646
0.0969376
0.0759035
0.0459245
0.00128044
