mu = 0.973327
0.0699636
0.473436
0.498359
0.499899
0.499994
0.5
0.5
0.5
0.5
0.5
0.5
0.5
0.5
0.5
0.5
0.5
0.5
0.5
0.5
0.5
0.5
0.5
0.5
0.5
0.5
0.5
0.5
0.5
0.5
0.5
0.5
0.5
0.5
0.5
0.5
0.5
0.5
0.5
0.5
0.5
0.5
0.5
0.5
0.5
0.5
0.5
0.5
0.5
0.499997
0.499958
0.499328
0.40653
0.330978
0.269467
0.219388
0.178615
0.145421
0.118395
0.0963916
0.0784776
0.0638929
0.0520186
0.0423512
0.0344804
0.0280724
0.0228552
0.0186077
0.0151495
0.012334
0.0100418
0.00817562
0.00665628
0.00541944
0.00441285
0.00359447
0.00293155
0.00293155
0.00293155
0.00293155
0.00293155
0.00293155
0.00293155
0.00293155
0.00293155
0.00293155
0.00293155
0.00293155
0.00293155
0.00293155
0.00293155
0.00293155
0.00293155
0.00293155
0.00293155
0.00293155
0.00293155
0.00293155
0.00293155
0.00293155
0.00293155
0.00293155
0.00293155
0.00293155
0.00293155
0.00293155
0.00293155
0.00293155
0.00293155
0.00293155
0.00293155
0.00293155
0.00293155
0.00293155
0.00293155
0.00293155
0.00293155
0.00293155
0.00293154
0.00293151
0.00293144
0.00293121
0.00293054
0.00292852
0.00292245
0.00290426
0.00284967
0.0445933
0.0871735
0.129932
0.172562
0.214857
0.256658
0.297833
0.338272
0.37788
0.416574
0.454281
0.490934
0.526471
0.560837
0.593976
0.625838
0.65637
0.685523
0.713242
0.739472
0.764148
0.787199
0.808531
0.827995
0.845189
0.839859
0.833281
0.825838
0.817706
0.809004
0.799824
0.790241
0.780316
0.770101
0.759641
0.748976
0.738139
0.727161
0.716067
0.704882
0.693626
0.682319
0.670977
0.659615
0.648248
0.636886
0.625541
0.614224
0.602942
0.591703
0.580514
0.569382
0.558311
0.547307
0.536374
0.525514
0.514732
0.50403
0.493409
0.482871
0.472417
0.462048
0.451764
0.441564
0.431448
0.421414
0.411461
0.401585
0.391784
0.382052
0.372384
0.362773
0.353207
0.343666
0.33409
