mu = -0.217424
0.5
0.5
0.5
0.5
0.5
0.5
0.5
0.5
0.5
0.5
0.5
0.5
0.5
0.5
0.5
0.5
0.5
0.5
0.5
0.5
0.5
0.5
0.5
0.5
0.5
0.5
0.5
0.5
0.5
0.5
0.5
0.5
0.5
0.5
0.5
0.5
0.5
0.5
0.5
0.5
0.5
0.500001
0.499997
0.500011
0.499954
0.500192
0.499188
0.503428
0.48553
0.561077
0.242194
0.0848426
0.0297211
0.0104115
0.00364725
0.00127767
0.00044759
0.000156829
5.50284e-05
1.95102e-05
7.44039e-06
4.17949e-06
5.54881e-06
1.25503e-05
3.1938e-05
8.2704e-05
0.000214674
0.000557406
0.00144738
0.00375834
0.00975911
0.025341
0.0658019
0.170865
0.443677
1.15207
1.17976
1.18899
1.19207
1.1931
1.19344
1.19355
1.19359
1.1936
1.19361
1.19361
1.19361
1.19361
1.19361
1.19361
1.19361
1.19361
1.19361
1.19361
1.19361
1.19361
1.19361
1.19361
1.19361
1.19361
1.19361
1.19361
1.19361
1.19361
1.19361
1.19361
1.19361
1.19361
1.19361
1.19361
1.19361
1.19361
1.19361
1.19361
1.19361
1.19361
1.19361
1.19361
1.19361
1.19361
1.19361
1.19361
1.19361
1.19361
1.19361
1.19361
1.22563
1.2508
1.27145
1.28827
1.30154
1.31143
1.31799
1.32126
1.32117
1.31764
1.31052
1.29962
1.28471
1.26548
1.24156
1.21252
1.17783
1.13689
1.08897
1.03323
0.968714
0.89433
0.808875
0.711154
0.600679
0.576796
0.556294
0.537534
0.52
0.503445
0.487708
0.472676
0.458261
0.444396
0.431022
0.418094
0.405573
0.393424
0.381617
0.370127
0.358929
0.348004
0.337331
0.326893
0.316673
0.306655
0.296824
0.287165
0.277664
0.268307
0.259078
0.249963
0.240946
0.232011
0.22314
0.214315
0.205513
0.196712
0.187887
0.179008
0.170043
0.160954
0.151698
0.142227
0.132483
0.122401
0.111907
0.100914
0.0893224
0.0770192
0.0638759
0.0497493
0.0344857
0.0179418
0.000103157
