mu = 0.783972
0.0973952
0.50538
0.499928
0.500001
0.5
0.5
0.5
0.5
0.5
0.5
0.5
0.5
0.5
0.5
0.5
0.5
0.5
0.5
0.5
0.5
0.5
0.5
0.5
0.5
0.5
0.5
0.5
0.5
0.5
0.5
0.5
0.5
0.5
0.5
0.5
0.5
0.5
0.5
0.5
0.5
0.5
0.5
0.5
0.5
0.5
0.5
0.5
0.5
0.5
0.500013
0.499041
0.386562
0.299435
0.231945
0.179667
0.139172
0.107804
0.0835057
0.0646843
0.050105
0.0388118
0.030064
0.0232879
0.018039
0.0139732
0.0108238
0.00838418
0.00649447
0.00503068
0.00389681
0.00301852
0.0023382
0.00181128
0.00140328
0.00108771
0.000844672
0.000844672
0.000844672
0.000844672
0.000844672
0.000844672
0.000844672
0.000844672
0.000844672
0.000844672
0.000844672
0.000844672
0.000844672
0.000844672
0.000844672
0.000844672
0.000844672
0.000844672
0.000844672
0.000844672
0.000844672
0.000844672
0.000844672
0.000844672
0.000844672
0.000844672
0.000844672
0.000844672
0.000844672
0.000844672
0.000844672
0.000844672
0.000844672
0.000844672
0.000844672
0.000844672
0.000844672
0.000844672
0.000844672
0.000844671
0.000844671
0.000844669
0.000844663
0.000844644
0.000844589
0.000844424
0.000843929
0.000842443
0.000837986
0.000824614
0.000784498
0.0524611
0.104677
0.156632
0.207972
0.258466
0.307939
0.356258
0.403312
0.449011
0.493278
0.536047
0.577262
0.616873
0.654833
0.691099
0.72563
0.758388
0.789329
0.81841
0.845583
0.87079
0.893963
0.915004
0.933748
0.949716
0.93793
0.924924
0.911169
0.896877
0.882187
0.867205
0.852013
0.836678
0.821254
0.805787
0.790315
0.774869
0.759478
0.744165
0.728948
0.713845
0.698869
0.684033
0.669347
0.654818
0.640454
0.626261
0.612242
0.598402
0.584743
0.571265
0.557972
0.544862
0.531936
0.519193
0.506631
0.49425
0.482046
0.470018
0.458162
0.446476
0.434956
0.423597
0.412397
0.40135
0.39045
0.379693
0.369072
0.35858
0.348209
0.337948
0.327786
0.317708
0.307687
0.297647
