mu = -0.35722
0.5
0.5
0.5
0.5
0.5
0.5
0.5
0.5
0.5
0.5
0.5
0.5
0.5
0.5
0.5
0.5
0.5
0.5
0.5
0.5
0.5
0.5
0.5
0.5
0.5
0.5
0.5
0.5
0.5
0.5
0.5
0.5
0.5
0.5
0.5
0.5
0.5
0.5
0.5
0.5
0.5
0.5
0.499999
0.500003
0.499984
0.500081
0.499574
0.502226
0.488362
0.560855
0.181787
0.0629417
0.0217946
0.00754975
0.00262057
0.000918939
0.000338605
0.00015321
0.000116361
0.000151726
0.00024867
0.00043131
0.000756925
0.00133147
0.00234319
0.00412404
0.0072585
0.0127753
0.0224853
0.0395753
0.0696547
0.122596
0.215775
0.379776
0.668427
1.17647
1.18946
1.19379
1.19524
1.19572
1.19588
1.19593
1.19595
1.19596
1.19596
1.19596
1.19596
1.19596
1.19596
1.19596
1.19596
1.19596
1.19596
1.19596
1.19596
1.19596
1.19596
1.19596
1.19596
1.19596
1.19596
1.19596
1.19596
1.19596
1.19596
1.19596
1.19596
1.19596
1.19596
1.19596
1.19596
1.19596
1.19596
1.19596
1.19596
1.19596
1.19596
1.19596
1.19596
1.19596
1.19596
1.19596
1.19596
1.19596
1.19596
1.19596
1.21507
1.22857
1.23803
1.24391
1.24642
1.24567
1.24171
1.23457
1.22424
1.21067
1.19381
1.17359
1.1499
1.12265
1.0917
1.05691
1.01813
0.975192
0.927932
0.876169
0.819733
0.758468
0.692267
0.621159
0.545729
0.52541
0.50738
0.490621
0.474802
0.459753
0.44536
0.431538
0.418221
0.405355
0.392896
0.380805
0.369052
0.357608
0.346448
0.335551
0.324894
0.314462
0.304235
0.294199
0.284338
0.274638
0.265085
0.255666
0.246367
0.237177
0.228082
0.219069
0.210126
0.20124
0.192397
0.183583
0.174785
0.165988
0.157177
0.148336
0.139449
0.130498
0.121466
0.112334
0.103082
0.0936909
0.0841394
0.074407
0.0644731
0.0543183
0.0439254
0.033282
0.0223847
0.0112542
6.45506e-06
