mu = -0.531279
0.5
0.5
0.5
0.5
0.5
0.5
0.5
0.5
0.5
0.5
0.5
0.5
0.5
0.5
0.5
0.5
0.5
0.5
0.5
0.5
0.5
0.5
0.5
0.5
0.5
0.5
0.5
0.5
0.5
0.5
0.5
0.5
0.5
0.5
0.5
0.5
0.5
0.5
0.5
0.5
0.5
0.5
0.5
0.5
0.499999
0.50001
0.499921
0.500654
0.494582
0.544887
0.128118
0.0440768
0.0152756
0.00545661
0.00218412
0.00120362
0.00107537
0.00133526
0.00186784
0.0026975
0.00392598
0.00572443
0.00835035
0.0121821
0.0177725
0.0259285
0.0378275
0.0551872
0.0805135
0.117462
0.171368
0.250011
0.364745
0.532133
0.776337
1.13261
1.13905
1.14119
1.14191
1.14215
1.14223
1.14225
1.14226
1.14227
1.14227
1.14227
1.14227
1.14227
1.14227
1.14227
1.14227
1.14227
1.14227
1.14227
1.14227
1.14227
1.14227
1.14227
1.14227
1.14227
1.14227
1.14227
1.14227
1.14227
1.14227
1.14227
1.14227
1.14227
1.14227
1.14227
1.14227
1.14227
1.14227
1.14227
1.14227
1.14227
1.14227
1.14227
1.14227
1.14227
1.14227
1.14227
1.14227
1.14227
1.14227
1.14227
1.15072
1.1546
1.15505
1.15244
1.14693
1.13865
1.12766
1.11403
1.09778
1.07893
1.0575
1.03349
1.00691
0.977735
0.945976
0.911622
0.874669
0.835119
0.792978
0.748267
0.701024
0.651314
0.599252
0.545056
0.489334
0.471589
0.455512
0.44041
0.426052
0.412315
0.399112
0.386378
0.374062
0.362122
0.350522
0.339233
0.32823
0.317488
0.306989
0.296714
0.286648
0.276775
0.267081
0.257555
0.248185
0.238958
0.229866
0.220899
0.212046
0.203299
0.19465
0.18609
0.177611
0.169206
0.160867
0.152587
0.144359
0.136177
0.128033
0.119921
0.111836
0.103771
0.0957226
0.0876847
0.0796535
0.0716255
0.0635985
0.0555712
0.0475443
0.0395208
0.0315068
0.0235136
0.0155601
0.00768292
-1.69894e-05
