mu = 0.946411
0.0731561
0.478013
0.498867
0.499942
0.499997
0.5
0.5
0.5
0.5
0.5
0.5
0.5
0.5
0.5
0.5
0.5
0.5
0.5
0.5
0.5
0.5
0.5
0.5
0.5
0.5
0.5
0.5
0.5
0.5
0.5
0.5
0.5
0.5
0.5
0.5
0.5
0.5
0.5
0.5
0.5
0.5
0.5
0.5
0.5
0.5
0.5
0.5
0.5
0.499998
0.499964
0.499295
0.404129
0.327102
0.264756
0.214293
0.173448
0.140389
0.113631
0.0919725
0.0744425
0.0602537
0.0487692
0.0394738
0.03195
0.0258603
0.0209313
0.0169418
0.0137127
0.011099
0.00898353
0.00727128
0.00588543
0.00476384
0.00385638
0.00312292
0.00253231
0.00253231
0.00253231
0.00253231
0.00253231
0.00253231
0.00253231
0.00253231
0.00253231
0.00253231
0.00253231
0.00253231
0.00253231
0.00253231
0.00253231
0.00253231
0.00253231
0.00253231
0.00253231
0.00253231
0.00253231
0.00253231
0.00253231
0.00253231
0.00253231
0.00253231
0.00253231
0.00253231
0.00253231
0.00253231
0.00253231
0.00253231
0.00253231
0.00253231
0.00253231
0.00253231
0.00253231
0.00253231
0.00253231
0.00253231
0.00253231
0.00253231
0.0025323
0.00253227
0.0025322
0.00253198
0.00253132
0.00252934
0.00252341
0.0025056
0.00245219
0.0453748
0.0891083
0.132977
0.176668
0.219972
0.262725
0.304795
0.346072
0.38646
0.425876
0.464248
0.501509
0.537599
0.57246
0.606042
0.638291
0.669158
0.698593
0.726543
0.752953
0.777758
0.800888
0.822247
0.841684
0.85879
0.852748
0.845454
0.837299
0.828466
0.819077
0.809224
0.798985
0.788422
0.777587
0.766526
0.755279
0.74388
0.732358
0.72074
0.70905
0.697308
0.685534
0.673743
0.66195
0.65017
0.638412
0.626689
0.615008
0.603379
0.591809
0.580305
0.568871
0.557513
0.546236
0.535042
0.523936
0.512919
0.501993
0.491161
0.480423
0.469779
0.459231
0.448777
0.438417
0.428149
0.417972
0.407884
0.397881
0.38796
0.378116
0.368342
0.35863
0.348969
0.339338
0.329675
