mu = 0.264687
0.291628
0.546497
0.489625
0.502315
0.499483
0.500115
0.499974
0.500006
0.499999
0.5
0.5
0.5
0.5
0.5
0.5
0.5
0.5
0.5
0.5
0.5
0.5
0.5
0.5
0.5
0.5
0.5
0.5
0.5
0.5
0.5
0.5
0.5
0.5
0.5
0.5
0.5
0.5
0.5
0.5
0.5
0.5
0.5
0.5
0.5
0.5
0.500002
0.49999
0.500043
0.499806
0.500869
0.496104
0.229204
0.105894
0.0489241
0.0226033
0.0104429
0.00482472
0.00222906
0.00102985
0.000475797
0.000219822
0.00010156
4.69214e-05
2.16781e-05
1.00155e-05
4.62723e-06
2.13782e-06
9.8769e-07
4.56321e-07
2.10824e-07
9.74027e-08
4.50012e-08
2.0792e-08
9.60923e-09
4.44853e-09
2.08102e-09
2.08102e-09
2.08102e-09
2.08102e-09
2.08102e-09
2.08102e-09
2.08102e-09
2.08102e-09
2.08102e-09
2.08102e-09
2.08102e-09
2.08102e-09
2.08102e-09
2.08102e-09
2.08102e-09
2.08102e-09
2.08102e-09
2.08102e-09
2.08102e-09
2.08102e-09
2.08102e-09
2.08102e-09
2.08102e-09
2.08102e-09
2.08102e-09
2.08102e-09
2.08102e-09
2.08103e-09
2.08105e-09
2.08111e-09
2.08129e-09
2.08182e-09
2.08342e-09
2.08823e-09
2.10266e-09
2.14593e-09
2.27576e-09
2.66525e-09
3.83372e-09
7.33914e-09
1.78554e-08
4.94041e-08
1.4405e-07
4.27988e-07
1.2798e-06
3.83525e-06
1.15016e-05
3.45006e-05
0.000103498
0.000310489
0.000931462
0.146708
0.280791
0.402651
0.512962
0.612608
0.70248
0.783424
0.856221
0.921581
0.980142
1.03247
1.07908
1.12039
1.15682
1.18867
1.21626
1.23981
1.25952
1.27557
1.28805
1.29705
1.30257
1.30452
1.3026
1.29553
1.21374
1.13834
1.06959
1.00703
0.950131
0.898328
0.851099
0.807961
0.768474
0.732242
0.698909
0.668158
0.639709
0.613309
0.588739
0.565801
0.544323
0.524151
0.50515
0.4872
0.470194
0.454041
0.438655
0.423964
0.409902
0.396412
0.383441
0.370943
0.358878
0.347208
0.3359
0.324923
0.314252
0.30386
0.293726
0.283828
0.274148
0.264666
0.255366
0.246232
0.237246
0.228393
0.219657
0.21102
0.202462
0.193962
0.185494
0.177023
0.168484
0.159681
