mu = 0.0729931
0.437285
0.516573
0.49562
0.501157
0.499694
0.500081
0.499979
0.500006
0.499999
0.5
0.5
0.5
0.5
0.5
0.5
0.5
0.5
0.5
0.5
0.5
0.5
0.5
0.5
0.5
0.5
0.5
0.5
0.5
0.5
0.5
0.5
0.5
0.5
0.5
0.5
0.5
0.5
0.5
0.5
0.5
0.5
0.5
0.5
0.500001
0.499995
0.500019
0.499927
0.500274
0.498962
0.503929
0.485131
-0.0174229
0.000625722
-2.2472e-05
8.07055e-07
-2.89844e-08
1.04094e-09
-3.73841e-11
1.3426e-12
-4.82179e-14
1.73169e-15
-6.21914e-17
2.23353e-18
-8.02144e-20
2.8808e-21
-1.03461e-22
3.71566e-24
-1.33443e-25
4.79245e-27
-1.72115e-28
6.18079e-30
-2.07863e-31
-3.8548e-31
1.09552e-29
-3.05049e-28
8.49394e-27
4.71414e-26
1.63084e-25
5.10911e-25
1.55439e-24
4.68483e-24
1.40762e-23
4.22501e-23
1.26772e-22
3.80338e-22
1.14104e-21
3.42313e-21
1.02694e-20
3.08082e-20
9.24247e-20
2.77274e-19
8.31823e-19
2.49547e-18
7.48641e-18
2.24592e-17
6.73776e-17
2.02133e-16
6.06399e-16
1.8192e-15
5.45759e-15
1.63728e-14
4.91183e-14
1.47355e-13
4.42065e-13
1.32619e-12
3.97858e-12
1.19357e-11
3.58072e-11
1.07422e-10
3.22265e-10
9.66796e-10
2.90039e-09
8.70116e-09
2.61035e-08
7.83104e-08
2.34931e-07
7.04794e-07
2.11438e-06
6.34315e-06
1.90294e-05
5.70883e-05
0.000171265
0.000513795
0.00154138
0.00462415
0.0138725
0.450228
0.727639
0.907101
1.02709
1.11063
1.1714
1.21747
1.25366
1.28286
1.30681
1.32658
1.34282
1.35593
1.36618
1.37371
1.37861
1.38091
1.38061
1.37766
1.37197
1.36339
1.35163
1.33617
1.31572
1.28592
1.0421
0.886491
0.785094
0.716367
0.667389
0.630491
0.601121
0.576559
0.555168
0.53595
0.518288
0.501794
0.486213
0.471378
0.457171
0.443509
0.430329
0.417582
0.405228
0.393235
0.381575
0.370225
0.359161
0.348367
0.337825
0.327519
0.317434
0.307559
0.297879
0.288384
0.279062
0.269902
0.260894
0.252029
0.243295
0.234683
0.226183
0.217785
0.209477
0.201248
0.193086
0.184977
0.176903
0.168848
0.160786
0.152687
0.144512
0.136197
0.12761
0.118257
