mu = -0.929569
0.5
0.5
0.5
0.5
0.5
0.5
0.5
0.5
0.5
0.5
0.5
0.5
0.5
0.5
0.5
0.5
0.5
0.5
0.5
0.5
0.5
0.5
0.5
0.5
0.5
0.5
0.5
0.5
0.5
0.5
0.5
0.5
0.5
0.5
0.5
0.5
0.5
0.5
0.5
0.5
0.5
0.5
0.5
0.5
0.5
0.5
0.499998
0.499961
0.499123
0.480527
0.0673955
0.0269261
0.0141409
0.0109955
0.0114138
0.0134003
0.0163628
0.0202065
0.0250312
0.0310345
0.0384867
0.0477315
0.059198
0.0734193
0.0910573
0.112933
0.140063
0.173711
0.215443
0.267201
0.331392
0.411005
0.509743
0.632202
0.78408
0.972445
0.974497
0.975182
0.97541
0.975486
0.975511
0.975519
0.975522
0.975523
0.975524
0.975524
0.975524
0.975524
0.975524
0.975524
0.975524
0.975524
0.975524
0.975524
0.975524
0.975524
0.975524
0.975524
0.975524
0.975524
0.975524
0.975524
0.975524
0.975524
0.975524
0.975524
0.975524
0.975524
0.975524
0.975524
0.975524
0.975524
0.975524
0.975524
0.975524
0.975524
0.975524
0.975524
0.975524
0.975524
0.975524
0.975524
0.975524
0.975524
0.975524
0.975524
0.972969
0.967338
0.959356
0.949277
0.937245
0.923365
0.907719
0.890379
0.871405
0.850852
0.828772
0.805214
0.780226
0.753856
0.726153
0.697171
0.666964
0.635592
0.603125
0.569638
0.53522
0.499981
0.464054
0.427639
0.391148
0.376892
0.363704
0.351182
0.33919
0.327649
0.316505
0.305715
0.295245
0.285068
0.275159
0.2655
0.256072
0.246861
0.237853
0.229038
0.220403
0.21194
0.20364
0.195496
0.187499
0.179644
0.171925
0.164336
0.156872
0.149529
0.142303
0.135189
0.128185
0.121286
0.114491
0.107797
0.101203
0.0947048
0.0883029
0.0819958
0.075783
0.0696642
0.0636396
0.0577102
0.0518773
0.0461428
0.0405097
0.0349817
0.0295639
0.0242626
0.0190865
0.0140467
0.00915923
0.00444953
-2.11528e-05
