mu = -0.685236
0.5
0.5
0.5
0.5
0.5
0.5
0.5
0.5
0.5
0.5
0.5
0.5
0.5
0.5
0.5
0.5
0.5
0.5
0.5
0.5
0.5
0.5
0.5
0.5
0.5
0.5
0.5
0.5
0.5
0.5
0.5
0.5
0.5
0.5
0.5
0.5
0.5
0.5
0.5
0.5
0.5
0.5
0.5
0.5
0.5
0.5
0.499996
0.500067
0.498787
0.522129
0.09642
0.0336502
0.0124538
0.0055399
0.0036151
0.0035427
0.00430166
0.00561069
0.0074641
0.00998096
0.0133641
0.0179001
0.0239776
0.0321194
0.043026
0.0576361
0.0772074
0.103425
0.138544
0.185589
0.248609
0.333028
0.446113
0.597599
0.800523
1.07235
1.07627
1.07757
1.078
1.07815
1.0782
1.07821
1.07822
1.07822
1.07822
1.07822
1.07822
1.07822
1.07822
1.07822
1.07822
1.07822
1.07822
1.07822
1.07822
1.07822
1.07822
1.07822
1.07822
1.07822
1.07822
1.07822
1.07822
1.07822
1.07822
1.07822
1.07822
1.07822
1.07822
1.07822
1.07822
1.07822
1.07822
1.07822
1.07822
1.07822
1.07822
1.07822
1.07822
1.07822
1.07822
1.07822
1.07822
1.07822
1.07822
1.07822
1.08089
1.07967
1.07552
1.06872
1.05945
1.04783
1.03392
1.0178
0.999525
0.97913
0.956656
0.932138
0.905606
0.877093
0.846629
0.814249
0.77999
0.743896
0.706019
0.666422
0.625187
0.582417
0.538256
0.492931
0.446966
0.430806
0.416007
0.402028
0.388687
0.375883
0.363545
0.35162
0.340065
0.328844
0.317928
0.307292
0.296915
0.286776
0.276861
0.267152
0.257638
0.248306
0.239144
0.230143
0.221292
0.212584
0.204011
0.195564
0.187237
0.179022
0.170915
0.162909
0.154998
0.147179
0.139445
0.131793
0.124219
0.116719
0.109289
0.101928
0.0946318
0.0873991
0.0802284
0.0731188
0.0660702
0.0590831
0.0521593
0.0453017
0.0385146
0.0318047
0.0251811
0.018657
0.0122517
0.00599833
-2.11926e-05
