mu = -0.571896
0.5
0.5
0.5
0.5
0.5
0.5
0.5
0.5
0.5
0.5
0.5
0.5
0.5
0.5
0.5
0.5
0.5
0.5
0.5
0.5
0.5
0.5
0.5
0.5
0.5
0.5
0.5
0.5
0.5
0.5
0.5
0.5
0.5
0.5
0.5
0.5
0.5
0.5
0.5
0.5
0.5
0.5
0.5
0.5
0.5
0.500004
0.499956
0.500421
0.495925
0.53943
0.118505
0.0408042
0.0142518
0.00526312
0.00234126
0.00156551
0.00162012
0.00209392
0.00290255
0.00409734
0.0058099
0.00824721
0.0117101
0.016628
0.0236116
0.0335284
0.0476104
0.0676068
0.0960016
0.136322
0.193578
0.27488
0.39033
0.554269
0.787063
1.11763
1.12322
1.12509
1.12571
1.12592
1.12599
1.12601
1.12602
1.12602
1.12602
1.12602
1.12602
1.12602
1.12602
1.12602
1.12602
1.12602
1.12602
1.12602
1.12602
1.12602
1.12602
1.12602
1.12602
1.12602
1.12602
1.12602
1.12602
1.12602
1.12602
1.12602
1.12602
1.12602
1.12602
1.12602
1.12602
1.12602
1.12602
1.12602
1.12602
1.12602
1.12602
1.12602
1.12602
1.12602
1.12602
1.12602
1.12602
1.12602
1.12602
1.12602
1.13268
1.13497
1.13397
1.13001
1.12329
1.1139
1.10193
1.08743
1.07045
1.05101
1.02913
1.00483
0.978124
0.949013
0.917508
0.883618
0.847354
0.808733
0.76778
0.724531
0.679043
0.631397
0.58172
0.530241
0.477544
0.46026
0.444548
0.429764
0.415692
0.402215
0.389252
0.376741
0.364633
0.352888
0.341473
0.330359
0.319522
0.30894
0.298594
0.288467
0.278544
0.26881
0.259253
0.24986
0.240622
0.231526
0.222565
0.213728
0.205007
0.196394
0.187881
0.17946
0.171125
0.162868
0.154683
0.146565
0.138506
0.130501
0.122545
0.114632
0.106758
0.0989195
0.0911113
0.0833306
0.0755748
0.0678419
0.0601312
0.0524433
0.0447803
0.0371468
0.0295504
0.0220034
0.0145256
0.00715302
-1.87871e-05
