mu = 0.121463
0.397063
0.526544
0.493155
0.501765
0.499545
0.500117
0.49997
0.500008
0.499998
0.500001
0.5
0.5
0.5
0.5
0.5
0.5
0.5
0.5
0.5
0.5
0.5
0.5
0.5
0.5
0.5
0.5
0.5
0.5
0.5
0.5
0.5
0.5
0.5
0.5
0.5
0.5
0.5
0.5
0.5
0.5
0.5
0.5
0.5
0.500001
0.499997
0.50001
0.49996
0.500154
0.499402
0.502318
0.491012
0.0722138
0.0106206
0.00156199
0.000229724
3.37858e-05
4.96893e-06
7.30788e-07
1.07478e-07
1.5807e-08
2.32476e-09
3.41905e-10
5.02845e-11
7.39542e-12
1.08766e-12
1.59963e-13
2.3526e-14
3.46001e-15
5.08868e-16
7.484e-17
1.10068e-17
1.61879e-18
2.38078e-19
3.50153e-20
5.1553e-21
7.95905e-22
7.9592e-22
7.95965e-22
7.961e-22
7.96505e-22
7.9772e-22
8.01363e-22
8.12295e-22
8.45088e-22
9.43469e-22
1.23861e-21
2.12404e-21
4.78033e-21
1.27492e-20
3.66558e-20
1.08376e-19
3.23535e-19
9.69013e-19
2.90545e-18
8.71475e-18
2.61426e-17
7.84263e-17
2.35277e-16
7.05831e-16
2.11749e-15
6.35247e-15
1.90574e-14
5.71722e-14
1.71517e-13
5.1455e-13
1.54365e-12
4.63095e-12
1.38929e-11
4.16786e-11
1.25036e-10
3.75107e-10
1.12532e-09
3.37596e-09
1.01279e-08
3.03837e-08
9.1151e-08
2.73453e-07
8.20359e-07
2.46108e-06
7.38323e-06
2.21497e-05
6.64491e-05
0.000199347
0.000598042
0.00179413
0.00538238
0.296405
0.523128
0.699296
0.837041
0.94569
1.03221
1.10178
1.15821
1.20433
1.24222
1.27344
1.29911
1.32006
1.33692
1.35013
1.36001
1.36677
1.37057
1.37147
1.36948
1.36456
1.35654
1.3451
1.32942
1.30673
1.1396
1.00928
0.907715
0.827813
0.764118
0.712552
0.670089
0.634486
0.604084
0.577651
0.554275
0.533277
0.514148
0.496509
0.480073
0.464624
0.449995
0.436059
0.422717
0.409891
0.397518
0.38555
0.373945
0.36267
0.351697
0.341
0.33056
0.320357
0.310376
0.300601
0.291019
0.281617
0.272383
0.263307
0.254377
0.245583
0.236913
0.228359
0.219908
0.211549
0.203272
0.195061
0.186903
0.17878
0.170673
0.162554
0.154392
0.146134
0.137681
0.128679
