mu = -0.121463
0.5
0.5
0.5
0.5
0.5
0.5
0.5
0.5
0.5
0.5
0.5
0.5
0.5
0.5
0.5
0.5
0.5
0.5
0.5
0.5
0.5
0.5
0.5
0.5
0.5
0.5
0.5
0.5
0.5
0.5
0.5
0.5
0.5
0.5
0.5
0.5
0.5
0.5
0.5
0.5
0.5
0.500001
0.499997
0.500013
0.499948
0.500201
0.499219
0.503029
0.488254
0.545551
0.323355
0.0475564
0.00699419
0.00102865
0.000151284
2.22496e-05
3.27229e-06
4.8126e-07
7.07797e-08
1.04097e-08
1.5313e-09
2.27453e-10
4.86993e-11
1.10835e-10
7.21217e-10
4.89909e-09
3.33102e-08
2.2649e-07
1.54e-06
1.04711e-05
7.11972e-05
0.0004841
0.00329159
0.0223809
0.152177
1.03471
1.10868
1.13333
1.14155
1.14429
1.1452
1.14551
1.14561
1.14564
1.14565
1.14566
1.14566
1.14566
1.14566
1.14566
1.14566
1.14566
1.14566
1.14566
1.14566
1.14566
1.14566
1.14566
1.14566
1.14566
1.14566
1.14566
1.14566
1.14566
1.14566
1.14566
1.14566
1.14566
1.14566
1.14566
1.14566
1.14566
1.14566
1.14566
1.14566
1.14566
1.14566
1.14566
1.14566
1.14566
1.14566
1.14566
1.14566
1.14566
1.14566
1.14566
1.18883
1.22324
1.25256
1.27784
1.29955
1.318
1.33337
1.34577
1.35525
1.3618
1.36534
1.36573
1.36276
1.35608
1.34525
1.32961
1.30827
1.28004
1.24326
1.19571
1.13438
1.05517
0.952646
0.819694
0.648259
0.619561
0.596159
0.575232
0.555923
0.537847
0.520778
0.504559
0.489076
0.474241
0.459982
0.446242
0.432972
0.420132
0.407686
0.395604
0.38386
0.372428
0.361289
0.350423
0.339811
0.329439
0.319292
0.309354
0.299614
0.290059
0.280675
0.271452
0.262378
0.25344
0.244625
0.23592
0.227309
0.218775
0.210299
0.201856
0.193416
0.184941
0.176385
0.167686
0.158761
0.149504
0.139771
0.12937
0.118042
0.105441
0.0910962
0.0743791
0.0544478
0.0302125
0.000461036
