mu = 0.983336
0.0688255
0.471736
0.498147
0.499879
0.499992
0.499999
0.5
0.5
0.5
0.5
0.5
0.5
0.5
0.5
0.5
0.5
0.5
0.5
0.5
0.5
0.5
0.5
0.5
0.5
0.5
0.5
0.5
0.5
0.5
0.5
0.5
0.5
0.5
0.5
0.5
0.5
0.5
0.5
0.5
0.5
0.5
0.5
0.5
0.5
0.5
0.5
0.5
0.5
0.499997
0.499957
0.499339
0.407392
0.332376
0.271173
0.22124
0.180502
0.147265
0.120148
0.098024
0.0799742
0.0652479
0.0532334
0.0434311
0.0354338
0.0289091
0.0235859
0.0192429
0.0156995
0.0128087
0.0104501
0.00852589
0.00695603
0.00567537
0.00463093
0.00378
0.00308924
0.00308924
0.00308924
0.00308924
0.00308924
0.00308924
0.00308924
0.00308924
0.00308924
0.00308924
0.00308924
0.00308924
0.00308924
0.00308924
0.00308924
0.00308924
0.00308924
0.00308924
0.00308924
0.00308924
0.00308924
0.00308924
0.00308924
0.00308924
0.00308924
0.00308924
0.00308924
0.00308924
0.00308924
0.00308924
0.00308924
0.00308924
0.00308924
0.00308924
0.00308924
0.00308924
0.00308924
0.00308924
0.00308924
0.00308924
0.00308924
0.00308923
0.00308923
0.0030892
0.00308912
0.0030889
0.00308822
0.00308618
0.00308007
0.00306175
0.00300677
0.0443278
0.0864938
0.128853
0.171101
0.213033
0.254489
0.295339
0.335474
0.374799
0.41323
0.450694
0.487124
0.522459
0.556642
0.589618
0.621336
0.651743
0.680789
0.708421
0.734581
0.759207
0.782225
0.803542
0.823011
0.840233
0.835154
0.828829
0.821637
0.813753
0.805296
0.796356
0.787006
0.777309
0.767316
0.757072
0.746616
0.735981
0.725198
0.714293
0.70329
0.69221
0.681072
0.669893
0.658688
0.64747
0.636253
0.625047
0.613862
0.602707
0.591589
0.580517
0.569495
0.558531
0.547628
0.536791
0.526023
0.515328
0.504709
0.494167
0.483704
0.473321
0.46302
0.452799
0.44266
0.432601
0.422621
0.412719
0.402891
0.393136
0.383447
0.37382
0.364247
0.354718
0.345212
0.33567
