mu = 0.719882
0.109948
0.51566
0.499371
0.500025
0.499999
0.5
0.5
0.5
0.5
0.5
0.5
0.5
0.5
0.5
0.5
0.5
0.5
0.5
0.5
0.5
0.5
0.5
0.5
0.5
0.5
0.5
0.5
0.5
0.5
0.5
0.5
0.5
0.5
0.5
0.5
0.5
0.5
0.5
0.5
0.5
0.5
0.5
0.5
0.5
0.5
0.5
0.5
0.5
0.499998
0.500044
0.498904
0.377736
0.285996
0.216536
0.163947
0.124129
0.0939821
0.0711568
0.0538751
0.0407905
0.0308838
0.0233831
0.0177041
0.0134043
0.0101488
0.007684
0.0058178
0.00440484
0.00333505
0.00252507
0.00191182
0.00144752
0.00109602
0.000829988
0.000628881
0.000477524
0.000477524
0.000477524
0.000477524
0.000477524
0.000477524
0.000477524
0.000477524
0.000477524
0.000477524
0.000477524
0.000477524
0.000477524
0.000477524
0.000477524
0.000477524
0.000477524
0.000477524
0.000477524
0.000477524
0.000477524
0.000477524
0.000477524
0.000477524
0.000477524
0.000477524
0.000477524
0.000477524
0.000477524
0.000477524
0.000477524
0.000477524
0.000477524
0.000477524
0.000477524
0.000477524
0.000477524
0.000477524
0.000477524
0.000477524
0.000477524
0.000477522
0.000477518
0.000477504
0.000477462
0.000477338
0.000476966
0.000475849
0.000472499
0.000462449
0.000432299
0.0566033
0.113117
0.169116
0.224227
0.278214
0.330904
0.382166
0.431894
0.480005
0.526429
0.57111
0.613999
0.655054
0.694236
0.731513
0.76685
0.800215
0.831575
0.86089
0.88812
0.91321
0.936095
0.95668
0.974791
0.989917
0.974937
0.958805
0.942026
0.924828
0.907356
0.889716
0.871992
0.854249
0.836539
0.818906
0.801385
0.784004
0.766786
0.749751
0.732915
0.716289
0.699885
0.683709
0.667768
0.652067
0.636608
0.621394
0.606424
0.5917
0.57722
0.562982
0.548985
0.535226
0.521701
0.508407
0.495341
0.482497
0.469872
0.45746
0.445257
0.433256
0.421453
0.409841
0.398414
0.387166
0.376089
0.365177
0.354421
0.343812
0.33334
0.322995
0.312761
0.302622
0.292549
0.282458
