mu = 0.571896
0.148129
0.536369
0.496241
0.500389
0.49996
0.500004
0.5
0.5
0.5
0.5
0.5
0.5
0.5
0.5
0.5
0.5
0.5
0.5
0.5
0.5
0.5
0.5
0.5
0.5
0.5
0.5
0.5
0.5
0.5
0.5
0.5
0.5
0.5
0.5
0.5
0.5
0.5
0.5
0.5
0.5
0.5
0.5
0.5
0.5
0.5
0.5
0.5
0.500002
0.499983
0.50016
0.498454
0.351024
0.2472
0.174084
0.122595
0.0863342
0.0607987
0.042816
0.0301521
0.0212339
0.0149534
0.0105306
0.0074159
0.00522246
0.00367779
0.00258999
0.00182394
0.00128446
0.000904551
0.000637008
0.000448599
0.000315919
0.000222491
0.000156722
0.00011048
7.81286e-05
7.81286e-05
7.81286e-05
7.81286e-05
7.81286e-05
7.81286e-05
7.81286e-05
7.81286e-05
7.81286e-05
7.81286e-05
7.81286e-05
7.81286e-05
7.81286e-05
7.81286e-05
7.81286e-05
7.81286e-05
7.81286e-05
7.81286e-05
7.81286e-05
7.81286e-05
7.81286e-05
7.81286e-05
7.81286e-05
7.81286e-05
7.81286e-05
7.81286e-05
7.81286e-05
7.81286e-05
7.81286e-05
7.81286e-05
7.81286e-05
7.81286e-05
7.81286e-05
7.81286e-05
7.81286e-05
7.81286e-05
7.81286e-05
7.81287e-05
7.81287e-05
7.81288e-05
7.8129e-05
7.81298e-05
7.81321e-05
7.81389e-05
7.81593e-05
7.82206e-05
7.84046e-05
7.89565e-05
8.06121e-05
8.5579e-05
0.00010048
0.0703327
0.140042
0.208216
0.274458
0.338543
0.400325
0.459706
0.516623
0.571031
0.622907
0.672235
0.719009
0.763228
0.804893
0.844008
0.880575
0.914594
0.946061
0.974967
1.00129
1.025
1.04605
1.06435
1.0797
1.09149
1.06591
1.03959
1.01316
0.986862
0.960832
0.935171
0.909946
0.885204
0.860978
0.837287
0.814145
0.791558
0.769527
0.74805
0.727121
0.706732
0.686873
0.667534
0.648702
0.630365
0.612509
0.59512
0.578185
0.561688
0.545617
0.529956
0.514692
0.499811
0.485299
0.471142
0.457328
0.443843
0.430674
0.417808
0.405233
0.392937
0.380908
0.369133
0.357601
0.346299
0.335215
0.324337
0.313651
0.303145
0.292804
0.282611
0.272548
0.262592
0.252705
0.242783
