mu = 0.40227
0.214164
0.549717
0.491353
0.501504
0.499738
0.500046
0.499992
0.500001
0.5
0.5
0.5
0.5
0.5
0.5
0.5
0.5
0.5
0.5
0.5
0.5
0.5
0.5
0.5
0.5
0.5
0.5
0.5
0.5
0.5
0.5
0.5
0.5
0.5
0.5
0.5
0.5
0.5
0.5
0.5
0.5
0.5
0.5
0.5
0.5
0.5
0.5
0.499998
0.500013
0.499925
0.500429
0.497533
0.301559
0.182778
0.110783
0.0671467
0.0406982
0.0246676
0.0149512
0.00906208
0.00549261
0.00332912
0.00201781
0.00122301
0.00074128
0.000449296
0.000272323
0.000165057
0.000100043
6.06368e-05
3.67525e-05
2.22761e-05
1.35019e-05
8.18418e-06
4.96206e-06
3.01204e-06
1.83863e-06
1.83863e-06
1.83863e-06
1.83863e-06
1.83863e-06
1.83863e-06
1.83863e-06
1.83863e-06
1.83863e-06
1.83863e-06
1.83863e-06
1.83863e-06
1.83863e-06
1.83863e-06
1.83863e-06
1.83863e-06
1.83863e-06
1.83863e-06
1.83863e-06
1.83863e-06
1.83863e-06
1.83863e-06
1.83863e-06
1.83863e-06
1.83863e-06
1.83863e-06
1.83863e-06
1.83863e-06
1.83863e-06
1.83863e-06
1.83863e-06
1.83863e-06
1.83863e-06
1.83863e-06
1.83863e-06
1.83864e-06
1.83868e-06
1.83879e-06
1.8391e-06
1.84006e-06
1.84292e-06
1.85149e-06
1.87722e-06
1.95441e-06
2.18599e-06
2.88072e-06
4.96491e-06
1.12175e-05
2.99752e-05
8.62483e-05
0.000255068
0.0986619
0.193667
0.284125
0.369765
0.450546
0.526518
0.597783
0.664469
0.726715
0.78467
0.838479
0.888285
0.934222
0.976419
1.01499
1.05004
1.08167
1.10994
1.13493
1.15667
1.17519
1.19046
1.20241
1.21082
1.21486
1.16732
1.12085
1.07612
1.0333
0.992429
0.953478
0.916396
0.881114
0.847551
0.815623
0.785245
0.756328
0.72879
0.70255
0.677528
0.65365
0.630846
0.609049
0.588196
0.568227
0.549086
0.530722
0.513086
0.496131
0.479815
0.464098
0.448942
0.434312
0.420176
0.406502
0.393262
0.380429
0.367977
0.355883
0.344123
0.332677
0.321524
0.310644
0.30002
0.289632
0.279463
0.269497
0.259714
0.250097
0.240626
0.231281
0.222038
0.212866
0.203715
0.194446
