mu = -0.446366
0.5
0.5
0.5
0.5
0.5
0.5
0.5
0.5
0.5
0.5
0.5
0.5
0.5
0.5
0.5
0.5
0.5
0.5
0.5
0.5
0.5
0.5
0.5
0.5
0.5
0.5
0.5
0.5
0.5
0.5
0.5
0.5
0.5
0.5
0.5
0.5
0.5
0.5
0.5
0.5
0.5
0.5
0.5
0.500001
0.499995
0.500032
0.499792
0.501328
0.491497
0.554429
0.151585
0.0522412
0.0180264
0.00625528
0.00222556
0.000877414
0.000475937
0.000436437
0.00057787
0.000869857
0.00135213
0.00211715
0.00332034
0.00520916
0.00817308
0.0128237
0.0201205
0.0315695
0.0495331
0.0777183
0.121941
0.191328
0.300198
0.471016
0.739032
1.15955
1.16842
1.17137
1.17235
1.17268
1.17279
1.17283
1.17284
1.17284
1.17285
1.17285
1.17285
1.17285
1.17285
1.17285
1.17285
1.17285
1.17285
1.17285
1.17285
1.17285
1.17285
1.17285
1.17285
1.17285
1.17285
1.17285
1.17285
1.17285
1.17285
1.17285
1.17285
1.17285
1.17285
1.17285
1.17285
1.17285
1.17285
1.17285
1.17285
1.17285
1.17285
1.17285
1.17285
1.17285
1.17285
1.17285
1.17285
1.17285
1.17285
1.17285
1.18583
1.19377
1.19798
1.19888
1.19663
1.19137
1.18314
1.172
1.15795
1.141
1.12113
1.09831
1.07251
1.04369
1.01179
0.976778
0.938583
0.897156
0.852449
0.804418
0.75304
0.698317
0.640303
0.579173
0.515562
0.49671
0.479776
0.463938
0.448926
0.434597
0.420855
0.407624
0.394849
0.38248
0.37048
0.358815
0.347457
0.33638
0.325562
0.314983
0.304626
0.294473
0.284509
0.274721
0.265095
0.255617
0.246278
0.237063
0.227964
0.218969
0.210067
0.201249
0.192504
0.183822
0.175194
0.166609
0.158058
0.149531
0.141018
0.132509
0.123995
0.115465
0.106911
0.098322
0.0896896
0.0810048
0.0722595
0.0634466
0.0545605
0.0455978
0.0365586
0.0274481
0.0182805
0.00909053
-1.0101e-05
