Angles: 
0.1026786001016008 0.1026786001016008 0.9894009349916499
0.1026786001016008 0.1026786001016008 -0.9894009349916499
-0.1026786001016008 0.1026786001016008 0.9894009349916499
-0.1026786001016008 0.1026786001016008 -0.9894009349916499
-0.1026786001016008 -0.1026786001016008 0.9894009349916499
-0.1026786001016008 -0.1026786001016008 -0.9894009349916499
0.1026786001016007 -0.1026786001016008 0.9894009349916499
0.1026786001016007 -0.1026786001016008 -0.9894009349916499
0.3033056203588422 0.1256333014966176 0.9445750230732326
0.3033056203588422 0.1256333014966176 -0.9445750230732326
0.1256333014966176 0.3033056203588422 0.9445750230732326
0.1256333014966176 0.3033056203588422 -0.9445750230732326
-0.1256333014966176 0.3033056203588422 0.9445750230732326
-0.1256333014966176 0.3033056203588422 -0.9445750230732326
-0.3033056203588422 0.1256333014966176 0.9445750230732326
-0.3033056203588422 0.1256333014966176 -0.9445750230732326
-0.3033056203588422 -0.1256333014966175 0.9445750230732326
-0.3033056203588422 -0.1256333014966175 -0.9445750230732326
-0.1256333014966177 -0.3033056203588421 0.9445750230732326
-0.1256333014966177 -0.3033056203588421 -0.9445750230732326
0.1256333014966176 -0.3033056203588421 0.9445750230732326
0.1256333014966176 -0.3033056203588421 -0.9445750230732326
0.3033056203588421 -0.1256333014966177 0.9445750230732326
0.3033056203588421 -0.1256333014966177 -0.9445750230732326
0.4836218253541826 0.1295860775457187 0.8656312023878319
0.4836218253541826 0.1295860775457187 -0.8656312023878319
0.3540357478084639 0.3540357478084639 0.8656312023878319
0.3540357478084639 0.3540357478084639 -0.8656312023878319
0.1295860775457188 0.4836218253541825 0.8656312023878319
0.1295860775457188 0.4836218253541825 -0.8656312023878319
-0.1295860775457186 0.4836218253541826 0.8656312023878319
-0.1295860775457186 0.4836218253541826 -0.8656312023878319
-0.3540357478084639 0.3540357478084639 0.8656312023878319
-0.3540357478084639 0.3540357478084639 -0.8656312023878319
-0.4836218253541825 0.1295860775457188 0.8656312023878319
-0.4836218253541825 0.1295860775457188 -0.8656312023878319
-0.4836218253541826 -0.1295860775457185 0.8656312023878319
-0.4836218253541826 -0.1295860775457185 -0.8656312023878319
-0.3540357478084641 -0.3540357478084637 0.8656312023878319
-0.3540357478084641 -0.3540357478084637 -0.8656312023878319
-0.129586077545719 -0.4836218253541825 0.8656312023878319
-0.129586077545719 -0.4836218253541825 -0.8656312023878319
0.1295860775457184 -0.4836218253541826 0.8656312023878319
0.1295860775457184 -0.4836218253541826 -0.8656312023878319
0.3540357478084638 -0.354035747808464 0.8656312023878319
0.3540357478084638 -0.354035747808464 -0.8656312023878319
0.4836218253541825 -0.1295860775457191 0.8656312023878319
0.4836218253541825 -0.1295860775457191 -0.8656312023878319
0.6426682494038011 0.1278346629286506 0.7554044083550029
0.6426682494038011 0.1278346629286506 -0.7554044083550029
0.5448278342342605 0.3640423201791697 0.7554044083550029
0.5448278342342605 0.3640423201791697 -0.7554044083550029
0.3640423201791698 0.5448278342342605 0.7554044083550029
0.3640423201791698 0.5448278342342605 -0.7554044083550029
0.1278346629286506 0.6426682494038011 0.7554044083550029
0.1278346629286506 0.6426682494038011 -0.7554044083550029
-0.1278346629286505 0.6426682494038011 0.7554044083550029
-0.1278346629286505 0.6426682494038011 -0.7554044083550029
-0.3640423201791696 0.5448278342342606 0.7554044083550029
-0.3640423201791696 0.5448278342342606 -0.7554044083550029
-0.5448278342342606 0.3640423201791697 0.7554044083550029
-0.5448278342342606 0.3640423201791697 -0.7554044083550029
-0.6426682494038011 0.1278346629286508 0.7554044083550029
-0.6426682494038011 0.1278346629286508 -0.7554044083550029
-0.6426682494038011 -0.1278346629286506 0.7554044083550029
-0.6426682494038011 -0.1278346629286506 -0.7554044083550029
-0.5448278342342606 -0.3640423201791696 0.7554044083550029
-0.5448278342342606 -0.3640423201791696 -0.7554044083550029
-0.3640423201791697 -0.5448278342342605 0.7554044083550029
-0.3640423201791697 -0.5448278342342605 -0.7554044083550029
-0.1278346629286508 -0.642668249403801 0.7554044083550029
-0.1278346629286508 -0.642668249403801 -0.7554044083550029
0.1278346629286506 -0.6426682494038011 0.7554044083550029
0.1278346629286506 -0.6426682494038011 -0.7554044083550029
0.3640423201791695 -0.5448278342342606 0.7554044083550029
0.3640423201791695 -0.5448278342342606 -0.7554044083550029
0.5448278342342605 -0.3640423201791697 0.7554044083550029
0.5448278342342605 -0.3640423201791697 -0.7554044083550029
0.642668249403801 -0.1278346629286509 0.7554044083550029
0.642668249403801 -0.1278346629286509 -0.7554044083550029
0.7765950086215614 0.1230005657993544 0.6178762444026438
0.7765950086215614 0.1230005657993544 -0.6178762444026438
0.7005764783220925 0.3569615450222881 0.6178762444026438
0.7005764783220925 0.3569615450222881 -0.6178762444026438
0.5559806411211116 0.5559806411211115 0.6178762444026438
0.5559806411211116 0.5559806411211115 -0.6178762444026438
0.3569615450222882 0.7005764783220925 0.6178762444026438
0.3569615450222882 0.7005764783220925 -0.6178762444026438
0.1230005657993545 0.7765950086215614 0.6178762444026438
0.1230005657993545 0.7765950086215614 -0.6178762444026438
-0.1230005657993544 0.7765950086215614 0.6178762444026438
-0.1230005657993544 0.7765950086215614 -0.6178762444026438
-0.3569615450222881 0.7005764783220925 0.6178762444026438
-0.3569615450222881 0.7005764783220925 -0.6178762444026438
-0.5559806411211115 0.5559806411211116 0.6178762444026438
-0.5559806411211115 0.5559806411211116 -0.6178762444026438
-0.7005764783220925 0.3569615450222882 0.6178762444026438
-0.7005764783220925 0.3569615450222882 -0.6178762444026438
-0.7765950086215614 0.1230005657993545 0.6178762444026438
-0.7765950086215614 0.1230005657993545 -0.6178762444026438
-0.7765950086215614 -0.1230005657993543 0.6178762444026438
-0.7765950086215614 -0.1230005657993543 -0.6178762444026438
-0.7005764783220925 -0.3569615450222881 0.6178762444026438
-0.7005764783220925 -0.3569615450222881 -0.6178762444026438
-0.5559806411211117 -0.5559806411211115 0.6178762444026438
-0.5559806411211117 -0.5559806411211115 -0.6178762444026438
-0.3569615450222883 -0.7005764783220925 0.6178762444026438
-0.3569615450222883 -0.7005764783220925 -0.6178762444026438
-0.1230005657993546 -0.7765950086215614 0.6178762444026438
-0.1230005657993546 -0.7765950086215614 -0.6178762444026438
0.1230005657993543 -0.7765950086215614 0.6178762444026438
0.1230005657993543 -0.7765950086215614 -0.6178762444026438
0.356961545022288 -0.7005764783220925 0.6178762444026438
0.356961545022288 -0.7005764783220925 -0.6178762444026438
0.5559806411211113 -0.5559806411211117 0.6178762444026438
0.5559806411211113 -0.5559806411211117 -0.6178762444026438
0.7005764783220925 -0.3569615450222883 0.6178762444026438
0.7005764783220925 -0.3569615450222883 -0.6178762444026438
0.7765950086215614 -0.1230005657993546 0.6178762444026438
0.7765950086215614 -0.1230005657993546 -0.6178762444026438
0.8813385126343971 0.116030416408279 0.4580167776572273
0.8813385126343971 0.116030416408279 -0.4580167776572273
0.8212767494791199 0.3401839680959422 0.4580167776572273
0.8212767494791199 0.3401839680959422 -0.4580167776572273
0.7052463330708409 0.5411545445384549 0.4580167776572273
0.7052463330708409 0.5411545445384549 -0.4580167776572273
0.541154544538455 0.7052463330708408 0.4580167776572273
0.541154544538455 0.7052463330708408 -0.4580167776572273
0.3401839680959423 0.8212767494791199 0.4580167776572273
0.3401839680959423 0.8212767494791199 -0.4580167776572273
0.1160304164082791 0.8813385126343971 0.4580167776572273
0.1160304164082791 0.8813385126343971 -0.4580167776572273
-0.1160304164082788 0.8813385126343972 0.4580167776572273
-0.1160304164082788 0.8813385126343972 -0.4580167776572273
-0.3401839680959419 0.82127674947912 0.4580167776572273
-0.3401839680959419 0.82127674947912 -0.4580167776572273
-0.5411545445384547 0.7052463330708411 0.4580167776572273
-0.5411545445384547 0.7052463330708411 -0.4580167776572273
-0.7052463330708408 0.5411545445384552 0.4580167776572273
-0.7052463330708408 0.5411545445384552 -0.4580167776572273
-0.8212767494791199 0.3401839680959423 0.4580167776572273
-0.8212767494791199 0.3401839680959423 -0.4580167776572273
-0.8813385126343971 0.1160304164082794 0.4580167776572273
-0.8813385126343971 0.1160304164082794 -0.4580167776572273
-0.8813385126343972 -0.1160304164082788 0.4580167776572273
-0.8813385126343972 -0.1160304164082788 -0.4580167776572273
-0.8212767494791201 -0.3401839680959417 0.4580167776572273
-0.8212767494791201 -0.3401839680959417 -0.4580167776572273
-0.7052463330708411 -0.5411545445384547 0.4580167776572273
-0.7052463330708411 -0.5411545445384547 -0.4580167776572273
-0.5411545445384552 -0.7052463330708407 0.4580167776572273
-0.5411545445384552 -0.7052463330708407 -0.4580167776572273
-0.3401839680959427 -0.8212767494791197 0.4580167776572273
-0.3401839680959427 -0.8212767494791197 -0.4580167776572273
-0.1160304164082798 -0.881338512634397 0.4580167776572273
-0.1160304164082798 -0.881338512634397 -0.4580167776572273
0.1160304164082787 -0.8813385126343972 0.4580167776572273
0.1160304164082787 -0.8813385126343972 -0.4580167776572273
0.3401839680959416 -0.8212767494791201 0.4580167776572273
0.3401839680959416 -0.8212767494791201 -0.4580167776572273
0.5411545445384544 -0.7052463330708414 0.4580167776572273
0.5411545445384544 -0.7052463330708414 -0.4580167776572273
0.7052463330708407 -0.5411545445384552 0.4580167776572273
0.7052463330708407 -0.5411545445384552 -0.4580167776572273
0.8212767494791197 -0.3401839680959428 0.4580167776572273
0.8212767494791197 -0.3401839680959428 -0.4580167776572273
0.881338512634397 -0.1160304164082799 0.4580167776572273
0.881338512634397 -0.1160304164082799 -0.4580167776572273
0.9534975152454448 0.1074333682301552 0.2816035507792589
0.9534975152454448 0.1074333682301552 -0.2816035507792589
0.9056851683721513 0.3169129470047278 0.2816035507792589
0.9056851683721513 0.3169129470047278 -0.2816035507792589
0.8124579853447649 0.5105011873032611 0.2816035507792589
0.8124579853447649 0.5105011873032611 -0.2816035507792589
0.6784907664030931 0.678490766403093 0.2816035507792589
0.6784907664030931 0.678490766403093 -0.2816035507792589
0.5105011873032611 0.8124579853447648 0.2816035507792589
0.5105011873032611 0.8124579853447648 -0.2816035507792589
0.3169129470047279 0.9056851683721513 0.2816035507792589
0.3169129470047279 0.9056851683721513 -0.2816035507792589
0.1074333682301553 0.9534975152454448 0.2816035507792589
0.1074333682301553 0.9534975152454448 -0.2816035507792589
-0.1074333682301552 0.9534975152454448 0.2816035507792589
-0.1074333682301552 0.9534975152454448 -0.2816035507792589
-0.3169129470047277 0.9056851683721513 0.2816035507792589
-0.3169129470047277 0.9056851683721513 -0.2816035507792589
-0.510501187303261 0.8124579853447649 0.2816035507792589
-0.510501187303261 0.8124579853447649 -0.2816035507792589
-0.678490766403093 0.6784907664030931 0.2816035507792589
-0.678490766403093 0.6784907664030931 -0.2816035507792589
-0.8124579853447648 0.5105011873032612 0.2816035507792589
-0.8124579853447648 0.5105011873032612 -0.2816035507792589
-0.9056851683721513 0.3169129470047279 0.2816035507792589
-0.9056851683721513 0.3169129470047279 -0.2816035507792589
-0.9534975152454448 0.1074333682301553 0.2816035507792589
-0.9534975152454448 0.1074333682301553 -0.2816035507792589
-0.9534975152454448 -0.1074333682301551 0.2816035507792589
-0.9534975152454448 -0.1074333682301551 -0.2816035507792589
-0.9056851683721513 -0.3169129470047277 0.2816035507792589
-0.9056851683721513 -0.3169129470047277 -0.2816035507792589
-0.8124579853447649 -0.510501187303261 0.2816035507792589
-0.8124579853447649 -0.510501187303261 -0.2816035507792589
-0.6784907664030932 -0.678490766403093 0.2816035507792589
-0.6784907664030932 -0.678490766403093 -0.2816035507792589
-0.5105011873032612 -0.8124579853447648 0.2816035507792589
-0.5105011873032612 -0.8124579853447648 -0.2816035507792589
-0.316912947004728 -0.9056851683721512 0.2816035507792589
-0.316912947004728 -0.9056851683721512 -0.2816035507792589
-0.1074333682301554 -0.9534975152454448 0.2816035507792589
-0.1074333682301554 -0.9534975152454448 -0.2816035507792589
0.107433368230155 -0.9534975152454448 0.2816035507792589
0.107433368230155 -0.9534975152454448 -0.2816035507792589
0.3169129470047276 -0.9056851683721514 0.2816035507792589
0.3169129470047276 -0.9056851683721514 -0.2816035507792589
0.5105011873032609 -0.8124579853447649 0.2816035507792589
0.5105011873032609 -0.8124579853447649 -0.2816035507792589
0.6784907664030929 -0.6784907664030932 0.2816035507792589
0.6784907664030929 -0.6784907664030932 -0.2816035507792589
0.8124579853447647 -0.5105011873032613 0.2816035507792589
0.8124579853447647 -0.5105011873032613 -0.2816035507792589
0.9056851683721512 -0.316912947004728 0.2816035507792589
0.9056851683721512 -0.316912947004728 -0.2816035507792589
0.9534975152454448 -0.1074333682301554 0.2816035507792589
0.9534975152454448 -0.1074333682301554 -0.2816035507792589
0.9906825891450244 0.09757371848640242 0.09501250983763754
0.9906825891450244 0.09757371848640242 -0.09501250983763754
0.9526112128253778 0.2889714521777466 0.09501250983763754
0.9526112128253778 0.2889714521777466 -0.09501250983763754
0.8779315218273748 0.4692641750189573 0.09501250983763754
0.8779315218273748 0.4692641750189573 -0.09501250983763754
0.7695134147952155 0.6315233387805708 0.09501250983763754
0.7695134147952155 0.6315233387805708 -0.09501250983763754
0.6315233387805708 0.7695134147952155 0.09501250983763754
0.6315233387805708 0.7695134147952155 -0.09501250983763754
0.4692641750189575 0.8779315218273747 0.09501250983763754
0.4692641750189575 0.8779315218273747 -0.09501250983763754
0.2889714521777466 0.9526112128253778 0.09501250983763754
0.2889714521777466 0.9526112128253778 -0.09501250983763754
0.09757371848640259 0.9906825891450243 0.09501250983763754
0.09757371848640259 0.9906825891450243 -0.09501250983763754
-0.09757371848640246 0.9906825891450244 0.09501250983763754
-0.09757371848640246 0.9906825891450244 -0.09501250983763754
-0.2889714521777464 0.9526112128253779 0.09501250983763754
-0.2889714521777464 0.9526112128253779 -0.09501250983763754
-0.4692641750189573 0.8779315218273748 0.09501250983763754
-0.4692641750189573 0.8779315218273748 -0.09501250983763754
-0.6315233387805707 0.7695134147952156 0.09501250983763754
-0.6315233387805707 0.7695134147952156 -0.09501250983763754
-0.7695134147952155 0.6315233387805708 0.09501250983763754
-0.7695134147952155 0.6315233387805708 -0.09501250983763754
-0.8779315218273747 0.4692641750189575 0.09501250983763754
-0.8779315218273747 0.4692641750189575 -0.09501250983763754
-0.9526112128253778 0.2889714521777466 0.09501250983763754
-0.9526112128253778 0.2889714521777466 -0.09501250983763754
-0.9906825891450243 0.09757371848640264 0.09501250983763754
-0.9906825891450243 0.09757371848640264 -0.09501250983763754
-0.9906825891450244 -0.09757371848640241 0.09501250983763754
-0.9906825891450244 -0.09757371848640241 -0.09501250983763754
-0.9526112128253779 -0.2889714521777463 0.09501250983763754
-0.9526112128253779 -0.2889714521777463 -0.09501250983763754
-0.8779315218273748 -0.4692641750189573 0.09501250983763754
-0.8779315218273748 -0.4692641750189573 -0.09501250983763754
-0.7695134147952156 -0.6315233387805705 0.09501250983763754
-0.7695134147952156 -0.6315233387805705 -0.09501250983763754
-0.6315233387805711 -0.7695134147952152 0.09501250983763754
-0.6315233387805711 -0.7695134147952152 -0.09501250983763754
-0.4692641750189576 -0.8779315218273747 0.09501250983763754
-0.4692641750189576 -0.8779315218273747 -0.09501250983763754
-0.2889714521777467 -0.9526112128253778 0.09501250983763754
-0.2889714521777467 -0.9526112128253778 -0.09501250983763754
-0.09757371848640227 -0.9906825891450244 0.09501250983763754
-0.09757371848640227 -0.9906825891450244 -0.09501250983763754
0.09757371848640191 -0.9906825891450244 0.09501250983763754
0.09757371848640191 -0.9906825891450244 -0.09501250983763754
0.2889714521777463 -0.9526112128253779 0.09501250983763754
0.2889714521777463 -0.9526112128253779 -0.09501250983763754
0.4692641750189572 -0.8779315218273748 0.09501250983763754
0.4692641750189572 -0.8779315218273748 -0.09501250983763754
0.6315233387805709 -0.7695134147952154 0.09501250983763754
0.6315233387805709 -0.7695134147952154 -0.09501250983763754
0.7695134147952152 -0.6315233387805712 0.09501250983763754
0.7695134147952152 -0.6315233387805712 -0.09501250983763754
0.8779315218273746 -0.4692641750189576 0.09501250983763754
0.8779315218273746 -0.4692641750189576 -0.09501250983763754
0.9526112128253778 -0.2889714521777467 0.09501250983763754
0.9526112128253778 -0.2889714521777467 -0.09501250983763754
0.9906825891450244 -0.09757371848640232 0.09501250983763754
0.9906825891450244 -0.09757371848640232 -0.09501250983763754

Weights: 
0.042650983507431
0.042650983507431
0.042650983507431
0.042650983507431
0.042650983507431
0.042650983507431
0.042650983507431
0.042650983507431
0.04889380336643314
0.04889380336643314
0.04889380336643314
0.04889380336643314
0.04889380336643314
0.04889380336643314
0.04889380336643314
0.04889380336643314
0.04889380336643314
0.04889380336643314
0.04889380336643314
0.04889380336643314
0.04889380336643314
0.04889380336643314
0.04889380336643314
0.04889380336643314
0.04982488020470963
0.04982488020470963
0.04982488020470963
0.04982488020470963
0.04982488020470963
0.04982488020470963
0.04982488020470963
0.04982488020470963
0.04982488020470963
0.04982488020470963
0.04982488020470963
0.04982488020470963
0.04982488020470963
0.04982488020470963
0.04982488020470963
0.04982488020470963
0.04982488020470963
0.04982488020470963
0.04982488020470963
0.04982488020470963
0.04982488020470963
0.04982488020470963
0.04982488020470963
0.04982488020470963
0.04894168256510482
0.04894168256510482
0.04894168256510482
0.04894168256510482
0.04894168256510482
0.04894168256510482
0.04894168256510482
0.04894168256510482
0.04894168256510482
0.04894168256510482
0.04894168256510482
0.04894168256510482
0.04894168256510482
0.04894168256510482
0.04894168256510482
0.04894168256510482
0.04894168256510482
0.04894168256510482
0.04894168256510482
0.04894168256510482
0.04894168256510482
0.04894168256510482
0.04894168256510482
0.04894168256510482
0.04894168256510482
0.04894168256510482
0.04894168256510482
0.04894168256510482
0.04894168256510482
0.04894168256510482
0.04894168256510482
0.04894168256510482
0.04699696594726588
0.04699696594726588
0.04699696594726588
0.04699696594726588
0.04699696594726588
0.04699696594726588
0.04699696594726588
0.04699696594726588
0.04699696594726588
0.04699696594726588
0.04699696594726588
0.04699696594726588
0.04699696594726588
0.04699696594726588
0.04699696594726588
0.04699696594726588
0.04699696594726588
0.04699696594726588
0.04699696594726588
0.04699696594726588
0.04699696594726588
0.04699696594726588
0.04699696594726588
0.04699696594726588
0.04699696594726588
0.04699696594726588
0.04699696594726588
0.04699696594726588
0.04699696594726588
0.04699696594726588
0.04699696594726588
0.04699696594726588
0.04699696594726588
0.04699696594726588
0.04699696594726588
0.04699696594726588
0.04699696594726588
0.04699696594726588
0.04699696594726588
0.04699696594726588
0.04428507321984661
0.04428507321984661
0.04428507321984661
0.04428507321984661
0.04428507321984661
0.04428507321984661
0.04428507321984661
0.04428507321984661
0.04428507321984661
0.04428507321984661
0.04428507321984661
0.04428507321984661
0.04428507321984661
0.04428507321984661
0.04428507321984661
0.04428507321984661
0.04428507321984661
0.04428507321984661
0.04428507321984661
0.04428507321984661
0.04428507321984661
0.04428507321984661
0.04428507321984661
0.04428507321984661
0.04428507321984661
0.04428507321984661
0.04428507321984661
0.04428507321984661
0.04428507321984661
0.04428507321984661
0.04428507321984661
0.04428507321984661
0.04428507321984661
0.04428507321984661
0.04428507321984661
0.04428507321984661
0.04428507321984661
0.04428507321984661
0.04428507321984661
0.04428507321984661
0.04428507321984661
0.04428507321984661
0.04428507321984661
0.04428507321984661
0.04428507321984661
0.04428507321984661
0.04428507321984661
0.04428507321984661
0.04097611051610999
0.04097611051610999
0.04097611051610999
0.04097611051610999
0.04097611051610999
0.04097611051610999
0.04097611051610999
0.04097611051610999
0.04097611051610999
0.04097611051610999
0.04097611051610999
0.04097611051610999
0.04097611051610999
0.04097611051610999
0.04097611051610999
0.04097611051610999
0.04097611051610999
0.04097611051610999
0.04097611051610999
0.04097611051610999
0.04097611051610999
0.04097611051610999
0.04097611051610999
0.04097611051610999
0.04097611051610999
0.04097611051610999
0.04097611051610999
0.04097611051610999
0.04097611051610999
0.04097611051610999
0.04097611051610999
0.04097611051610999
0.04097611051610999
0.04097611051610999
0.04097611051610999
0.04097611051610999
0.04097611051610999
0.04097611051610999
0.04097611051610999
0.04097611051610999
0.04097611051610999
0.04097611051610999
0.04097611051610999
0.04097611051610999
0.04097611051610999
0.04097611051610999
0.04097611051610999
0.04097611051610999
0.04097611051610999
0.04097611051610999
0.04097611051610999
0.04097611051610999
0.04097611051610999
0.04097611051610999
0.04097611051610999
0.04097611051610999
0.03719854037648405
0.03719854037648405
0.03719854037648405
0.03719854037648405
0.03719854037648405
0.03719854037648405
0.03719854037648405
0.03719854037648405
0.03719854037648405
0.03719854037648405
0.03719854037648405
0.03719854037648405
0.03719854037648405
0.03719854037648405
0.03719854037648405
0.03719854037648405
0.03719854037648405
0.03719854037648405
0.03719854037648405
0.03719854037648405
0.03719854037648405
0.03719854037648405
0.03719854037648405
0.03719854037648405
0.03719854037648405
0.03719854037648405
0.03719854037648405
0.03719854037648405
0.03719854037648405
0.03719854037648405
0.03719854037648405
0.03719854037648405
0.03719854037648405
0.03719854037648405
0.03719854037648405
0.03719854037648405
0.03719854037648405
0.03719854037648405
0.03719854037648405
0.03719854037648405
0.03719854037648405
0.03719854037648405
0.03719854037648405
0.03719854037648405
0.03719854037648405
0.03719854037648405
0.03719854037648405
0.03719854037648405
0.03719854037648405
0.03719854037648405
0.03719854037648405
0.03719854037648405
0.03719854037648405
0.03719854037648405
0.03719854037648405
0.03719854037648405
0.03719854037648405
0.03719854037648405
0.03719854037648405
0.03719854037648405
0.03719854037648405
0.03719854037648405
0.03719854037648405
0.03719854037648405
