Angles: 
0.5773502691896258 0.5773502691896257 0.5773502691896257
0.5773502691896258 0.5773502691896257 -0.5773502691896257
-0.5773502691896257 0.5773502691896258 0.5773502691896257
-0.5773502691896257 0.5773502691896258 -0.5773502691896257
-0.5773502691896258 -0.5773502691896257 0.5773502691896257
-0.5773502691896258 -0.5773502691896257 -0.5773502691896257
0.5773502691896256 -0.5773502691896258 0.5773502691896257
0.5773502691896256 -0.5773502691896258 -0.5773502691896257

Weights: 
1.570796326794897
1.570796326794897
1.570796326794897
1.570796326794897
1.570796326794897
1.570796326794897
1.570796326794897
1.570796326794897
