Angles: 
0.08275139116852101 0.082751391168521 0.9931285991850949
0.08275139116852101 0.082751391168521 -0.9931285991850949
-0.082751391168521 0.08275139116852101 0.9931285991850949
-0.082751391168521 0.08275139116852101 -0.9931285991850949
-0.08275139116852102 -0.082751391168521 0.9931285991850949
-0.08275139116852102 -0.082751391168521 -0.9931285991850949
0.08275139116852098 -0.08275139116852102 0.9931285991850949
0.08275139116852098 -0.08275139116852102 -0.9931285991850949
0.2457556431849484 0.1017953204369287 0.9639719272779137
0.2457556431849484 0.1017953204369287 -0.9639719272779137
0.1017953204369287 0.2457556431849484 0.9639719272779137
0.1017953204369287 0.2457556431849484 -0.9639719272779137
-0.1017953204369287 0.2457556431849484 0.9639719272779137
-0.1017953204369287 0.2457556431849484 -0.9639719272779137
-0.2457556431849484 0.1017953204369287 0.9639719272779137
-0.2457556431849484 0.1017953204369287 -0.9639719272779137
-0.2457556431849484 -0.1017953204369287 0.9639719272779137
-0.2457556431849484 -0.1017953204369287 -0.9639719272779137
-0.1017953204369289 -0.2457556431849483 0.9639719272779137
-0.1017953204369289 -0.2457556431849483 -0.9639719272779137
0.1017953204369288 -0.2457556431849484 0.9639719272779137
0.1017953204369288 -0.2457556431849484 -0.9639719272779137
0.2457556431849483 -0.1017953204369289 0.9639719272779137
0.2457556431849483 -0.1017953204369289 -0.9639719272779137
0.3957094645575129 0.1060300314655375 0.9122344282513259
0.3957094645575129 0.1060300314655375 -0.9122344282513259
0.2896794330919754 0.2896794330919753 0.9122344282513259
0.2896794330919754 0.2896794330919753 -0.9122344282513259
0.1060300314655376 0.3957094645575129 0.9122344282513259
0.1060300314655376 0.3957094645575129 -0.9122344282513259
-0.1060300314655375 0.3957094645575129 0.9122344282513259
-0.1060300314655375 0.3957094645575129 -0.9122344282513259
-0.2896794330919753 0.2896794330919754 0.9122344282513259
-0.2896794330919753 0.2896794330919754 -0.9122344282513259
-0.3957094645575129 0.1060300314655377 0.9122344282513259
-0.3957094645575129 0.1060300314655377 -0.9122344282513259
-0.395709464557513 -0.1060300314655374 0.9122344282513259
-0.395709464557513 -0.1060300314655374 -0.9122344282513259
-0.2896794330919755 -0.2896794330919752 0.9122344282513259
-0.2896794330919755 -0.2896794330919752 -0.9122344282513259
-0.1060300314655379 -0.3957094645575128 0.9122344282513259
-0.1060300314655379 -0.3957094645575128 -0.9122344282513259
0.1060300314655374 -0.395709464557513 0.9122344282513259
0.1060300314655374 -0.395709464557513 -0.9122344282513259
0.2896794330919753 -0.2896794330919754 0.9122344282513259
0.2896794330919753 -0.2896794330919754 -0.9122344282513259
0.3957094645575128 -0.1060300314655379 0.9122344282513259
0.3957094645575128 -0.1060300314655379 -0.9122344282513259
0.5334991495660923 0.1061195788352257 0.8391169718222189
0.5334991495660923 0.1061195788352257 -0.8391169718222189
0.4522787402264886 0.3022029926043915 0.8391169718222189
0.4522787402264886 0.3022029926043915 -0.8391169718222189
0.3022029926043916 0.4522787402264886 0.8391169718222189
0.3022029926043916 0.4522787402264886 -0.8391169718222189
0.1061195788352257 0.5334991495660923 0.8391169718222189
0.1061195788352257 0.5334991495660923 -0.8391169718222189
-0.1061195788352256 0.5334991495660923 0.8391169718222189
-0.1061195788352256 0.5334991495660923 -0.8391169718222189
-0.3022029926043914 0.4522787402264886 0.8391169718222189
-0.3022029926043914 0.4522787402264886 -0.8391169718222189
-0.4522787402264886 0.3022029926043915 0.8391169718222189
-0.4522787402264886 0.3022029926043915 -0.8391169718222189
-0.5334991495660923 0.1061195788352259 0.8391169718222189
-0.5334991495660923 0.1061195788352259 -0.8391169718222189
-0.5334991495660923 -0.1061195788352257 0.8391169718222189
-0.5334991495660923 -0.1061195788352257 -0.8391169718222189
-0.4522787402264887 -0.3022029926043914 0.8391169718222189
-0.4522787402264887 -0.3022029926043914 -0.8391169718222189
-0.3022029926043915 -0.4522787402264886 0.8391169718222189
-0.3022029926043915 -0.4522787402264886 -0.8391169718222189
-0.1061195788352259 -0.5334991495660923 0.8391169718222189
-0.1061195788352259 -0.5334991495660923 -0.8391169718222189
0.1061195788352257 -0.5334991495660923 0.8391169718222189
0.1061195788352257 -0.5334991495660923 -0.8391169718222189
0.3022029926043914 -0.4522787402264887 0.8391169718222189
0.3022029926043914 -0.4522787402264887 -0.8391169718222189
0.4522787402264886 -0.3022029926043915 0.8391169718222189
0.4522787402264886 -0.3022029926043915 -0.8391169718222189
0.5334991495660923 -0.1061195788352259 0.8391169718222189
0.5334991495660923 -0.1061195788352259 -0.8391169718222189
0.6573796320596756 0.1041187051045213 0.7463319064601508
0.6573796320596756 0.1041187051045213 -0.7463319064601508
0.5930307334404543 0.3021642510202582 0.7463319064601508
0.5930307334404543 0.3021642510202582 -0.7463319064601508
0.4706318547440009 0.4706318547440009 0.7463319064601508
0.4706318547440009 0.4706318547440009 -0.7463319064601508
0.3021642510202583 0.5930307334404543 0.7463319064601508
0.3021642510202583 0.5930307334404543 -0.7463319064601508
0.1041187051045214 0.6573796320596756 0.7463319064601508
0.1041187051045214 0.6573796320596756 -0.7463319064601508
-0.1041187051045213 0.6573796320596756 0.7463319064601508
-0.1041187051045213 0.6573796320596756 -0.7463319064601508
-0.3021642510202582 0.5930307334404543 0.7463319064601508
-0.3021642510202582 0.5930307334404543 -0.7463319064601508
-0.4706318547440009 0.4706318547440009 0.7463319064601508
-0.4706318547440009 0.4706318547440009 -0.7463319064601508
-0.5930307334404542 0.3021642510202583 0.7463319064601508
-0.5930307334404542 0.3021642510202583 -0.7463319064601508
-0.6573796320596755 0.1041187051045214 0.7463319064601508
-0.6573796320596755 0.1041187051045214 -0.7463319064601508
-0.6573796320596756 -0.1041187051045212 0.7463319064601508
-0.6573796320596756 -0.1041187051045212 -0.7463319064601508
-0.5930307334404543 -0.3021642510202582 0.7463319064601508
-0.5930307334404543 -0.3021642510202582 -0.7463319064601508
-0.470631854744001 -0.4706318547440009 0.7463319064601508
-0.470631854744001 -0.4706318547440009 -0.7463319064601508
-0.3021642510202583 -0.5930307334404542 0.7463319064601508
-0.3021642510202583 -0.5930307334404542 -0.7463319064601508
-0.1041187051045214 -0.6573796320596755 0.7463319064601508
-0.1041187051045214 -0.6573796320596755 -0.7463319064601508
0.1041187051045212 -0.6573796320596756 0.7463319064601508
0.1041187051045212 -0.6573796320596756 -0.7463319064601508
0.3021642510202582 -0.5930307334404543 0.7463319064601508
0.3021642510202582 -0.5930307334404543 -0.7463319064601508
0.4706318547440008 -0.470631854744001 0.7463319064601508
0.4706318547440008 -0.470631854744001 -0.7463319064601508
0.5930307334404542 -0.3021642510202583 0.7463319064601508
0.5930307334404542 -0.3021642510202583 -0.7463319064601508
0.6573796320596755 -0.1041187051045215 0.7463319064601508
0.6573796320596755 -0.1041187051045215 -0.7463319064601508
0.7650432832441312 0.1007198590015514 0.6360536807265151
0.7650432832441312 0.1007198590015514 -0.6360536807265151
0.712906847784847 0.2952956850611353 0.6360536807265151
0.712906847784847 0.2952956850611353 -0.6360536807265151
0.6121869887832958 0.4697475981829958 0.6360536807265151
0.6121869887832958 0.4697475981829958 -0.6360536807265151
0.4697475981829959 0.6121869887832957 0.6360536807265151
0.4697475981829959 0.6121869887832957 -0.6360536807265151
0.2952956850611354 0.712906847784847 0.6360536807265151
0.2952956850611354 0.712906847784847 -0.6360536807265151
0.1007198590015515 0.7650432832441312 0.6360536807265151
0.1007198590015515 0.7650432832441312 -0.6360536807265151
-0.1007198590015512 0.7650432832441313 0.6360536807265151
-0.1007198590015512 0.7650432832441313 -0.6360536807265151
-0.2952956850611351 0.7129068477848471 0.6360536807265151
-0.2952956850611351 0.7129068477848471 -0.6360536807265151
-0.4697475981829956 0.6121869887832959 0.6360536807265151
-0.4697475981829956 0.6121869887832959 -0.6360536807265151
-0.6121869887832956 0.4697475981829961 0.6360536807265151
-0.6121869887832956 0.4697475981829961 -0.6360536807265151
-0.712906847784847 0.2952956850611354 0.6360536807265151
-0.712906847784847 0.2952956850611354 -0.6360536807265151
-0.7650432832441312 0.1007198590015517 0.6360536807265151
-0.7650432832441312 0.1007198590015517 -0.6360536807265151
-0.7650432832441313 -0.1007198590015512 0.6360536807265151
-0.7650432832441313 -0.1007198590015512 -0.6360536807265151
-0.7129068477848473 -0.2952956850611349 0.6360536807265151
-0.7129068477848473 -0.2952956850611349 -0.6360536807265151
-0.6121869887832959 -0.4697475981829956 0.6360536807265151
-0.6121869887832959 -0.4697475981829956 -0.6360536807265151
-0.4697475981829961 -0.6121869887832956 0.6360536807265151
-0.4697475981829961 -0.6121869887832956 -0.6360536807265151
-0.2952956850611358 -0.7129068477848469 0.6360536807265151
-0.2952956850611358 -0.7129068477848469 -0.6360536807265151
-0.1007198590015521 -0.7650432832441311 0.6360536807265151
-0.1007198590015521 -0.7650432832441311 -0.6360536807265151
0.1007198590015511 -0.7650432832441313 0.6360536807265151
0.1007198590015511 -0.7650432832441313 -0.6360536807265151
0.2952956850611348 -0.7129068477848473 0.6360536807265151
0.2952956850611348 -0.7129068477848473 -0.6360536807265151
0.4697475981829953 -0.6121869887832961 0.6360536807265151
0.4697475981829953 -0.6121869887832961 -0.6360536807265151
0.6121869887832956 -0.4697475981829961 0.6360536807265151
0.6121869887832956 -0.4697475981829961 -0.6360536807265151
0.7129068477848469 -0.2952956850611358 0.6360536807265151
0.7129068477848469 -0.2952956850611358 -0.6360536807265151
0.7650432832441311 -0.1007198590015521 0.6360536807265151
0.7650432832441311 -0.1007198590015521 -0.6360536807265151
0.8542544018046985 0.09625135487394611 0.5108670019508272
0.8542544018046985 0.09625135487394611 -0.5108670019508272
0.8114185190424762 0.2839276197778022 0.5108670019508272
0.8114185190424762 0.2839276197778022 -0.5108670019508272
0.7278947235467987 0.4573665682475087 0.5108670019508272
0.7278947235467987 0.4573665682475087 -0.5108670019508272
0.6078712471888161 0.607871247188816 0.5108670019508272
0.6078712471888161 0.607871247188816 -0.5108670019508272
0.4573665682475087 0.7278947235467986 0.5108670019508272
0.4573665682475087 0.7278947235467986 -0.5108670019508272
0.2839276197778023 0.8114185190424762 0.5108670019508272
0.2839276197778023 0.8114185190424762 -0.5108670019508272
0.09625135487394615 0.8542544018046985 0.5108670019508272
0.09625135487394615 0.8542544018046985 -0.5108670019508272
-0.09625135487394605 0.8542544018046985 0.5108670019508272
-0.09625135487394605 0.8542544018046985 -0.5108670019508272
-0.2839276197778022 0.8114185190424762 0.5108670019508272
-0.2839276197778022 0.8114185190424762 -0.5108670019508272
-0.4573665682475086 0.7278947235467987 0.5108670019508272
-0.4573665682475086 0.7278947235467987 -0.5108670019508272
-0.607871247188816 0.6078712471888161 0.5108670019508272
-0.607871247188816 0.6078712471888161 -0.5108670019508272
-0.7278947235467986 0.4573665682475088 0.5108670019508272
-0.7278947235467986 0.4573665682475088 -0.5108670019508272
-0.8114185190424762 0.2839276197778023 0.5108670019508272
-0.8114185190424762 0.2839276197778023 -0.5108670019508272
-0.8542544018046985 0.09625135487394622 0.5108670019508272
-0.8542544018046985 0.09625135487394622 -0.5108670019508272
-0.8542544018046985 -0.096251354873946 0.5108670019508272
-0.8542544018046985 -0.096251354873946 -0.5108670019508272
-0.8114185190424762 -0.2839276197778021 0.5108670019508272
-0.8114185190424762 -0.2839276197778021 -0.5108670019508272
-0.7278947235467987 -0.4573665682475086 0.5108670019508272
-0.7278947235467987 -0.4573665682475086 -0.5108670019508272
-0.6078712471888162 -0.607871247188816 0.5108670019508272
-0.6078712471888162 -0.607871247188816 -0.5108670019508272
-0.4573665682475088 -0.7278947235467986 0.5108670019508272
-0.4573665682475088 -0.7278947235467986 -0.5108670019508272
-0.2839276197778024 -0.8114185190424761 0.5108670019508272
-0.2839276197778024 -0.8114185190424761 -0.5108670019508272
-0.09625135487394626 -0.8542544018046985 0.5108670019508272
-0.09625135487394626 -0.8542544018046985 -0.5108670019508272
0.09625135487394595 -0.8542544018046985 0.5108670019508272
0.09625135487394595 -0.8542544018046985 -0.5108670019508272
0.2839276197778021 -0.8114185190424763 0.5108670019508272
0.2839276197778021 -0.8114185190424763 -0.5108670019508272
0.4573665682475085 -0.7278947235467987 0.5108670019508272
0.4573665682475085 -0.7278947235467987 -0.5108670019508272
0.6078712471888159 -0.6078712471888162 0.5108670019508272
0.6078712471888159 -0.6078712471888162 -0.5108670019508272
0.7278947235467986 -0.4573665682475089 0.5108670019508272
0.7278947235467986 -0.4573665682475089 -0.5108670019508272
0.8114185190424761 -0.2839276197778025 0.5108670019508272
0.8114185190424761 -0.2839276197778025 -0.5108670019508272
0.8542544018046985 -0.0962513548739463 0.5108670019508272
0.8542544018046985 -0.0962513548739463 -0.5108670019508272
0.923080780436656 0.09091552147723266 0.3737060887154195
0.923080780436656 0.09091552147723266 -0.3737060887154195
0.8876073037141408 0.2692527319273397 0.3737060887154195
0.8876073037141408 0.2692527319273397 -0.3737060887154195
0.818023576085802 0.4372427108881509 0.3737060887154195
0.818023576085802 0.4372427108881509 -0.3737060887154195
0.7170036611813924 0.5884296976780675 0.3737060887154195
0.7170036611813924 0.5884296976780675 -0.3737060887154195
0.5884296976780675 0.7170036611813924 0.3737060887154195
0.5884296976780675 0.7170036611813924 -0.3737060887154195
0.437242710888151 0.8180235760858019 0.3737060887154195
0.437242710888151 0.8180235760858019 -0.3737060887154195
0.2692527319273397 0.8876073037141408 0.3737060887154195
0.2692527319273397 0.8876073037141408 -0.3737060887154195
0.09091552147723281 0.9230807804366559 0.3737060887154195
0.09091552147723281 0.9230807804366559 -0.3737060887154195
-0.0909155214772327 0.923080780436656 0.3737060887154195
-0.0909155214772327 0.923080780436656 -0.3737060887154195
-0.2692527319273396 0.8876073037141409 0.3737060887154195
-0.2692527319273396 0.8876073037141409 -0.3737060887154195
-0.4372427108881509 0.818023576085802 0.3737060887154195
-0.4372427108881509 0.818023576085802 -0.3737060887154195
-0.5884296976780674 0.7170036611813925 0.3737060887154195
-0.5884296976780674 0.7170036611813925 -0.3737060887154195
-0.7170036611813924 0.5884296976780675 0.3737060887154195
-0.7170036611813924 0.5884296976780675 -0.3737060887154195
-0.8180235760858019 0.437242710888151 0.3737060887154195
-0.8180235760858019 0.437242710888151 -0.3737060887154195
-0.8876073037141408 0.2692527319273398 0.3737060887154195
-0.8876073037141408 0.2692527319273398 -0.3737060887154195
-0.9230807804366559 0.09091552147723286 0.3737060887154195
-0.9230807804366559 0.09091552147723286 -0.3737060887154195
-0.923080780436656 -0.09091552147723264 0.3737060887154195
-0.923080780436656 -0.09091552147723264 -0.3737060887154195
-0.8876073037141409 -0.2692527319273395 0.3737060887154195
-0.8876073037141409 -0.2692527319273395 -0.3737060887154195
-0.818023576085802 -0.4372427108881509 0.3737060887154195
-0.818023576085802 -0.4372427108881509 -0.3737060887154195
-0.7170036611813925 -0.5884296976780673 0.3737060887154195
-0.7170036611813925 -0.5884296976780673 -0.3737060887154195
-0.5884296976780679 -0.7170036611813921 0.3737060887154195
-0.5884296976780679 -0.7170036611813921 -0.3737060887154195
-0.4372427108881511 -0.8180235760858019 0.3737060887154195
-0.4372427108881511 -0.8180235760858019 -0.3737060887154195
-0.2692527319273398 -0.8876073037141408 0.3737060887154195
-0.2692527319273398 -0.8876073037141408 -0.3737060887154195
-0.09091552147723252 -0.923080780436656 0.3737060887154195
-0.09091552147723252 -0.923080780436656 -0.3737060887154195
0.09091552147723217 -0.923080780436656 0.3737060887154195
0.09091552147723217 -0.923080780436656 -0.3737060887154195
0.2692527319273395 -0.8876073037141409 0.3737060887154195
0.2692527319273395 -0.8876073037141409 -0.3737060887154195
0.4372427108881508 -0.818023576085802 0.3737060887154195
0.4372427108881508 -0.818023576085802 -0.3737060887154195
0.5884296976780676 -0.7170036611813924 0.3737060887154195
0.5884296976780676 -0.7170036611813924 -0.3737060887154195
0.7170036611813921 -0.588429697678068 0.3737060887154195
0.7170036611813921 -0.588429697678068 -0.3737060887154195
0.8180235760858018 -0.4372427108881511 0.3737060887154195
0.8180235760858018 -0.4372427108881511 -0.3737060887154195
0.8876073037141408 -0.2692527319273398 0.3737060887154195
0.8876073037141408 -0.2692527319273398 -0.3737060887154195
0.923080780436656 -0.09091552147723256 0.3737060887154195
0.923080780436656 -0.09091552147723256 -0.3737060887154195
0.9700059886320846 0.08486452755756371 0.2277858511416451
0.9700059886320846 0.08486452755756371 -0.2277858511416451
0.9405328475142127 0.2520150169463776 0.2277858511416451
0.9405328475142127 0.2520150169463776 -0.2277858511416451
0.8824820917572065 0.4115081575710275 0.2277858511416451
0.8824820917572065 0.4115081575710275 -0.2277858511416451
0.7976175641996428 0.558497831061057 0.2277858511416451
0.7976175641996428 0.558497831061057 -0.2277858511416451
0.6885178305678352 0.6885178305678351 0.2277858511416451
0.6885178305678352 0.6885178305678351 -0.2277858511416451
0.558497831061057 0.7976175641996428 0.2277858511416451
0.558497831061057 0.7976175641996428 -0.2277858511416451
0.4115081575710275 0.8824820917572065 0.2277858511416451
0.4115081575710275 0.8824820917572065 -0.2277858511416451
0.2520150169463776 0.9405328475142127 0.2277858511416451
0.2520150169463776 0.9405328475142127 -0.2277858511416451
0.08486452755756389 0.9700059886320846 0.2277858511416451
0.08486452755756389 0.9700059886320846 -0.2277858511416451
-0.08486452755756356 0.9700059886320846 0.2277858511416451
-0.08486452755756356 0.9700059886320846 -0.2277858511416451
-0.2520150169463775 0.9405328475142127 0.2277858511416451
-0.2520150169463775 0.9405328475142127 -0.2277858511416451
-0.4115081575710274 0.8824820917572066 0.2277858511416451
-0.4115081575710274 0.8824820917572066 -0.2277858511416451
-0.5584978310610568 0.797617564199643 0.2277858511416451
-0.5584978310610568 0.797617564199643 -0.2277858511416451
-0.6885178305678351 0.6885178305678352 0.2277858511416451
-0.6885178305678351 0.6885178305678352 -0.2277858511416451
-0.7976175641996427 0.5584978310610573 0.2277858511416451
-0.7976175641996427 0.5584978310610573 -0.2277858511416451
-0.8824820917572065 0.4115081575710276 0.2277858511416451
-0.8824820917572065 0.4115081575710276 -0.2277858511416451
-0.9405328475142126 0.2520150169463778 0.2277858511416451
-0.9405328475142126 0.2520150169463778 -0.2277858511416451
-0.9700059886320846 0.08486452755756374 0.2277858511416451
-0.9700059886320846 0.08486452755756374 -0.2277858511416451
-0.9700059886320846 -0.08486452755756349 0.2277858511416451
-0.9700059886320846 -0.08486452755756349 -0.2277858511416451
-0.9405328475142127 -0.2520150169463776 0.2277858511416451
-0.9405328475142127 -0.2520150169463776 -0.2277858511416451
-0.8824820917572066 -0.4115081575710274 0.2277858511416451
-0.8824820917572066 -0.4115081575710274 -0.2277858511416451
-0.797617564199643 -0.5584978310610568 0.2277858511416451
-0.797617564199643 -0.5584978310610568 -0.2277858511416451
-0.6885178305678353 -0.6885178305678351 0.2277858511416451
-0.6885178305678353 -0.6885178305678351 -0.2277858511416451
-0.5584978310610573 -0.7976175641996426 0.2277858511416451
-0.5584978310610573 -0.7976175641996426 -0.2277858511416451
-0.411508157571028 -0.8824820917572063 0.2277858511416451
-0.411508157571028 -0.8824820917572063 -0.2277858511416451
-0.2520150169463775 -0.9405328475142127 0.2277858511416451
-0.2520150169463775 -0.9405328475142127 -0.2277858511416451
-0.08486452755756378 -0.9700059886320846 0.2277858511416451
-0.08486452755756378 -0.9700059886320846 -0.2277858511416451
0.08486452755756344 -0.9700059886320846 0.2277858511416451
0.08486452755756344 -0.9700059886320846 -0.2277858511416451
0.2520150169463771 -0.9405328475142128 0.2277858511416451
0.2520150169463771 -0.9405328475142128 -0.2277858511416451
0.411508157571027 -0.8824820917572068 0.2277858511416451
0.411508157571027 -0.8824820917572068 -0.2277858511416451
0.558497831061057 -0.7976175641996428 0.2277858511416451
0.558497831061057 -0.7976175641996428 -0.2277858511416451
0.688517830567835 -0.6885178305678353 0.2277858511416451
0.688517830567835 -0.6885178305678353 -0.2277858511416451
0.7976175641996426 -0.5584978310610574 0.2277858511416451
0.7976175641996426 -0.5584978310610574 -0.2277858511416451
0.8824820917572063 -0.4115081575710281 0.2277858511416451
0.8824820917572063 -0.4115081575710281 -0.2277858511416451
0.9405328475142127 -0.2520150169463775 0.2277858511416451
0.9405328475142127 -0.2520150169463775 -0.2277858511416451
0.9700059886320846 -0.08486452755756385 0.2277858511416451
0.9700059886320846 -0.08486452755756385 -0.2277858511416451
0.9939939196485033 0.07822901804962985 0.07652652113349734
0.9939939196485033 0.07822901804962985 -0.07652652113349734
0.9695184904700704 0.2327607960972818 0.07652652113349734
0.9695184904700704 0.2327607960972818 -0.07652652113349734
0.9211702984088701 0.3815612308562251 0.07652652113349734
0.9211702984088701 0.3815612308562251 -0.07652652113349734
0.8501398364118993 0.5209663617823647 0.07652652113349734
0.8501398364118993 0.5209663617823647 -0.07652652113349734
0.758176110190111 0.6475435718931948 0.07652652113349734
0.758176110190111 0.6475435718931948 -0.07652652113349734
0.6475435718931948 0.758176110190111 0.07652652113349734
0.6475435718931948 0.758176110190111 -0.07652652113349734
0.5209663617823648 0.8501398364118992 0.07652652113349734
0.5209663617823648 0.8501398364118992 -0.07652652113349734
0.3815612308562252 0.9211702984088701 0.07652652113349734
0.3815612308562252 0.9211702984088701 -0.07652652113349734
0.2327607960972819 0.9695184904700704 0.07652652113349734
0.2327607960972819 0.9695184904700704 -0.07652652113349734
0.07822901804962991 0.9939939196485033 0.07652652113349734
0.07822901804962991 0.9939939196485033 -0.07652652113349734
-0.07822901804962978 0.9939939196485033 0.07652652113349734
-0.07822901804962978 0.9939939196485033 -0.07652652113349734
-0.2327607960972817 0.9695184904700705 0.07652652113349734
-0.2327607960972817 0.9695184904700705 -0.07652652113349734
-0.3815612308562251 0.9211702984088701 0.07652652113349734
-0.3815612308562251 0.9211702984088701 -0.07652652113349734
-0.5209663617823647 0.8501398364118993 0.07652652113349734
-0.5209663617823647 0.8501398364118993 -0.07652652113349734
-0.6475435718931947 0.7581761101901111 0.07652652113349734
-0.6475435718931947 0.7581761101901111 -0.07652652113349734
-0.7581761101901109 0.6475435718931949 0.07652652113349734
-0.7581761101901109 0.6475435718931949 -0.07652652113349734
-0.8501398364118992 0.5209663617823648 0.07652652113349734
-0.8501398364118992 0.5209663617823648 -0.07652652113349734
-0.9211702984088701 0.3815612308562252 0.07652652113349734
-0.9211702984088701 0.3815612308562252 -0.07652652113349734
-0.9695184904700704 0.2327607960972819 0.07652652113349734
-0.9695184904700704 0.2327607960972819 -0.07652652113349734
-0.9939939196485033 0.07822901804962998 0.07652652113349734
-0.9939939196485033 0.07822901804962998 -0.07652652113349734
-0.9939939196485033 -0.07822901804962973 0.07652652113349734
-0.9939939196485033 -0.07822901804962973 -0.07652652113349734
-0.9695184904700705 -0.2327607960972817 0.07652652113349734
-0.9695184904700705 -0.2327607960972817 -0.07652652113349734
-0.9211702984088702 -0.381561230856225 0.07652652113349734
-0.9211702984088702 -0.381561230856225 -0.07652652113349734
-0.8501398364118993 -0.5209663617823647 0.07652652113349734
-0.8501398364118993 -0.5209663617823647 -0.07652652113349734
-0.7581761101901111 -0.6475435718931947 0.07652652113349734
-0.7581761101901111 -0.6475435718931947 -0.07652652113349734
-0.6475435718931952 -0.7581761101901107 0.07652652113349734
-0.6475435718931952 -0.7581761101901107 -0.07652652113349734
-0.5209663617823644 -0.8501398364118994 0.07652652113349734
-0.5209663617823644 -0.8501398364118994 -0.07652652113349734
-0.3815612308562257 -0.9211702984088699 0.07652652113349734
-0.3815612308562257 -0.9211702984088699 -0.07652652113349734
-0.2327607960972815 -0.9695184904700705 0.07652652113349734
-0.2327607960972815 -0.9695184904700705 -0.07652652113349734
-0.07822901804963048 -0.9939939196485033 0.07652652113349734
-0.07822901804963048 -0.9939939196485033 -0.07652652113349734
0.07822901804963012 -0.9939939196485033 0.07652652113349734
0.07822901804963012 -0.9939939196485033 -0.07652652113349734
0.2327607960972812 -0.9695184904700707 0.07652652113349734
0.2327607960972812 -0.9695184904700707 -0.07652652113349734
0.3815612308562253 -0.92117029840887 0.07652652113349734
0.3815612308562253 -0.92117029840887 -0.07652652113349734
0.5209663617823642 -0.8501398364118995 0.07652652113349734
0.5209663617823642 -0.8501398364118995 -0.07652652113349734
0.647543571893195 -0.7581761101901109 0.07652652113349734
0.647543571893195 -0.7581761101901109 -0.07652652113349734
0.7581761101901106 -0.6475435718931953 0.07652652113349734
0.7581761101901106 -0.6475435718931953 -0.07652652113349734
0.8501398364118993 -0.5209663617823646 0.07652652113349734
0.8501398364118993 -0.5209663617823646 -0.07652652113349734
0.9211702984088699 -0.3815612308562257 0.07652652113349734
0.9211702984088699 -0.3815612308562257 -0.07652652113349734
0.9695184904700705 -0.2327607960972816 0.07652652113349734
0.9695184904700705 -0.2327607960972816 -0.07652652113349734
0.9939939196485033 -0.07822901804963052 0.07652652113349734
0.9939939196485033 -0.07822901804963052 -0.07652652113349734

Weights: 
0.02766801771431947
0.02766801771431947
0.02766801771431947
0.02766801771431947
0.02766801771431947
0.02766801771431947
0.02766801771431947
0.02766801771431947
0.03188828839653434
0.03188828839653434
0.03188828839653434
0.03188828839653434
0.03188828839653434
0.03188828839653434
0.03188828839653434
0.03188828839653434
0.03188828839653434
0.03188828839653434
0.03188828839653434
0.03188828839653434
0.03188828839653434
0.03188828839653434
0.03188828839653434
0.03188828839653434
0.03281500777197693
0.03281500777197693
0.03281500777197693
0.03281500777197693
0.03281500777197693
0.03281500777197693
0.03281500777197693
0.03281500777197693
0.03281500777197693
0.03281500777197693
0.03281500777197693
0.03281500777197693
0.03281500777197693
0.03281500777197693
0.03281500777197693
0.03281500777197693
0.03281500777197693
0.03281500777197693
0.03281500777197693
0.03281500777197693
0.03281500777197693
0.03281500777197693
0.03281500777197693
0.03281500777197693
0.03270269994403393
0.03270269994403393
0.03270269994403393
0.03270269994403393
0.03270269994403393
0.03270269994403393
0.03270269994403393
0.03270269994403393
0.03270269994403393
0.03270269994403393
0.03270269994403393
0.03270269994403393
0.03270269994403393
0.03270269994403393
0.03270269994403393
0.03270269994403393
0.03270269994403393
0.03270269994403393
0.03270269994403393
0.03270269994403393
0.03270269994403393
0.03270269994403393
0.03270269994403393
0.03270269994403393
0.03270269994403393
0.03270269994403393
0.03270269994403393
0.03270269994403393
0.03270269994403393
0.03270269994403393
0.03270269994403393
0.03270269994403393
0.03202229155973696
0.03202229155973696
0.03202229155973696
0.03202229155973696
0.03202229155973696
0.03202229155973696
0.03202229155973696
0.03202229155973696
0.03202229155973696
0.03202229155973696
0.03202229155973696
0.03202229155973696
0.03202229155973696
0.03202229155973696
0.03202229155973696
0.03202229155973696
0.03202229155973696
0.03202229155973696
0.03202229155973696
0.03202229155973696
0.03202229155973696
0.03202229155973696
0.03202229155973696
0.03202229155973696
0.03202229155973696
0.03202229155973696
0.03202229155973696
0.03202229155973696
0.03202229155973696
0.03202229155973696
0.03202229155973696
0.03202229155973696
0.03202229155973696
0.03202229155973696
0.03202229155973696
0.03202229155973696
0.03202229155973696
0.03202229155973696
0.03202229155973696
0.03202229155973696
0.03094325610873249
0.03094325610873249
0.03094325610873249
0.03094325610873249
0.03094325610873249
0.03094325610873249
0.03094325610873249
0.03094325610873249
0.03094325610873249
0.03094325610873249
0.03094325610873249
0.03094325610873249
0.03094325610873249
0.03094325610873249
0.03094325610873249
0.03094325610873249
0.03094325610873249
0.03094325610873249
0.03094325610873249
0.03094325610873249
0.03094325610873249
0.03094325610873249
0.03094325610873249
0.03094325610873249
0.03094325610873249
0.03094325610873249
0.03094325610873249
0.03094325610873249
0.03094325610873249
0.03094325610873249
0.03094325610873249
0.03094325610873249
0.03094325610873249
0.03094325610873249
0.03094325610873249
0.03094325610873249
0.03094325610873249
0.03094325610873249
0.03094325610873249
0.03094325610873249
0.03094325610873249
0.03094325610873249
0.03094325610873249
0.03094325610873249
0.03094325610873249
0.03094325610873249
0.03094325610873249
0.03094325610873249
0.02955086136522685
0.02955086136522685
0.02955086136522685
0.02955086136522685
0.02955086136522685
0.02955086136522685
0.02955086136522685
0.02955086136522685
0.02955086136522685
0.02955086136522685
0.02955086136522685
0.02955086136522685
0.02955086136522685
0.02955086136522685
0.02955086136522685
0.02955086136522685
0.02955086136522685
0.02955086136522685
0.02955086136522685
0.02955086136522685
0.02955086136522685
0.02955086136522685
0.02955086136522685
0.02955086136522685
0.02955086136522685
0.02955086136522685
0.02955086136522685
0.02955086136522685
0.02955086136522685
0.02955086136522685
0.02955086136522685
0.02955086136522685
0.02955086136522685
0.02955086136522685
0.02955086136522685
0.02955086136522685
0.02955086136522685
0.02955086136522685
0.02955086136522685
0.02955086136522685
0.02955086136522685
0.02955086136522685
0.02955086136522685
0.02955086136522685
0.02955086136522685
0.02955086136522685
0.02955086136522685
0.02955086136522685
0.02955086136522685
0.02955086136522685
0.02955086136522685
0.02955086136522685
0.02955086136522685
0.02955086136522685
0.02955086136522685
0.02955086136522685
0.02790050582114511
0.02790050582114511
0.02790050582114511
0.02790050582114511
0.02790050582114511
0.02790050582114511
0.02790050582114511
0.02790050582114511
0.02790050582114511
0.02790050582114511
0.02790050582114511
0.02790050582114511
0.02790050582114511
0.02790050582114511
0.02790050582114511
0.02790050582114511
0.02790050582114511
0.02790050582114511
0.02790050582114511
0.02790050582114511
0.02790050582114511
0.02790050582114511
0.02790050582114511
0.02790050582114511
0.02790050582114511
0.02790050582114511
0.02790050582114511
0.02790050582114511
0.02790050582114511
0.02790050582114511
0.02790050582114511
0.02790050582114511
0.02790050582114511
0.02790050582114511
0.02790050582114511
0.02790050582114511
0.02790050582114511
0.02790050582114511
0.02790050582114511
0.02790050582114511
0.02790050582114511
0.02790050582114511
0.02790050582114511
0.02790050582114511
0.02790050582114511
0.02790050582114511
0.02790050582114511
0.02790050582114511
0.02790050582114511
0.02790050582114511
0.02790050582114511
0.02790050582114511
0.02790050582114511
0.02790050582114511
0.02790050582114511
0.02790050582114511
0.02790050582114511
0.02790050582114511
0.02790050582114511
0.02790050582114511
0.02790050582114511
0.02790050582114511
0.02790050582114511
0.02790050582114511
0.02603559768979896
0.02603559768979896
0.02603559768979896
0.02603559768979896
0.02603559768979896
0.02603559768979896
0.02603559768979896
0.02603559768979896
0.02603559768979896
0.02603559768979896
0.02603559768979896
0.02603559768979896
0.02603559768979896
0.02603559768979896
0.02603559768979896
0.02603559768979896
0.02603559768979896
0.02603559768979896
0.02603559768979896
0.02603559768979896
0.02603559768979896
0.02603559768979896
0.02603559768979896
0.02603559768979896
0.02603559768979896
0.02603559768979896
0.02603559768979896
0.02603559768979896
0.02603559768979896
0.02603559768979896
0.02603559768979896
0.02603559768979896
0.02603559768979896
0.02603559768979896
0.02603559768979896
0.02603559768979896
0.02603559768979896
0.02603559768979896
0.02603559768979896
0.02603559768979896
0.02603559768979896
0.02603559768979896
0.02603559768979896
0.02603559768979896
0.02603559768979896
0.02603559768979896
0.02603559768979896
0.02603559768979896
0.02603559768979896
0.02603559768979896
0.02603559768979896
0.02603559768979896
0.02603559768979896
0.02603559768979896
0.02603559768979896
0.02603559768979896
0.02603559768979896
0.02603559768979896
0.02603559768979896
0.02603559768979896
0.02603559768979896
0.02603559768979896
0.02603559768979896
0.02603559768979896
0.02603559768979896
0.02603559768979896
0.02603559768979896
0.02603559768979896
0.02603559768979896
0.02603559768979896
0.02603559768979896
0.02603559768979896
0.02399444594104229
0.02399444594104229
0.02399444594104229
0.02399444594104229
0.02399444594104229
0.02399444594104229
0.02399444594104229
0.02399444594104229
0.02399444594104229
0.02399444594104229
0.02399444594104229
0.02399444594104229
0.02399444594104229
0.02399444594104229
0.02399444594104229
0.02399444594104229
0.02399444594104229
0.02399444594104229
0.02399444594104229
0.02399444594104229
0.02399444594104229
0.02399444594104229
0.02399444594104229
0.02399444594104229
0.02399444594104229
0.02399444594104229
0.02399444594104229
0.02399444594104229
0.02399444594104229
0.02399444594104229
0.02399444594104229
0.02399444594104229
0.02399444594104229
0.02399444594104229
0.02399444594104229
0.02399444594104229
0.02399444594104229
0.02399444594104229
0.02399444594104229
0.02399444594104229
0.02399444594104229
0.02399444594104229
0.02399444594104229
0.02399444594104229
0.02399444594104229
0.02399444594104229
0.02399444594104229
0.02399444594104229
0.02399444594104229
0.02399444594104229
0.02399444594104229
0.02399444594104229
0.02399444594104229
0.02399444594104229
0.02399444594104229
0.02399444594104229
0.02399444594104229
0.02399444594104229
0.02399444594104229
0.02399444594104229
0.02399444594104229
0.02399444594104229
0.02399444594104229
0.02399444594104229
0.02399444594104229
0.02399444594104229
0.02399444594104229
0.02399444594104229
0.02399444594104229
0.02399444594104229
0.02399444594104229
0.02399444594104229
0.02399444594104229
0.02399444594104229
0.02399444594104229
0.02399444594104229
0.02399444594104229
0.02399444594104229
0.02399444594104229
0.02399444594104229
