Angles: 
0.07542637894126919 0.07542637894126918 0.9942945854823992
0.07542637894126919 0.07542637894126918 -0.9942945854823992
-0.07542637894126918 0.07542637894126919 0.9942945854823992
-0.07542637894126918 0.07542637894126919 -0.9942945854823992
-0.0754263789412692 -0.07542637894126918 0.9942945854823992
-0.0754263789412692 -0.07542637894126918 -0.9942945854823992
0.07542637894126916 -0.0754263789412692 0.9942945854823992
0.07542637894126916 -0.0754263789412692 -0.9942945854823992
0.2243765234665001 0.09293979909794935 0.9700604978354288
0.2243765234665001 0.09293979909794935 -0.9700604978354288
0.09293979909794936 0.2243765234665001 0.9700604978354288
0.09293979909794936 0.2243765234665001 -0.9700604978354288
-0.09293979909794933 0.2243765234665001 0.9700604978354288
-0.09293979909794933 0.2243765234665001 -0.9700604978354288
-0.2243765234665001 0.09293979909794937 0.9700604978354288
-0.2243765234665001 0.09293979909794937 -0.9700604978354288
-0.2243765234665001 -0.09293979909794932 0.9700604978354288
-0.2243765234665001 -0.09293979909794932 -0.9700604978354288
-0.09293979909794949 -0.2243765234665 0.9700604978354288
-0.09293979909794949 -0.2243765234665 -0.9700604978354288
0.0929397990979494 -0.2243765234665 0.9700604978354288
0.0929397990979494 -0.2243765234665 -0.9700604978354288
0.2243765234665 -0.0929397990979495 0.9700604978354288
0.2243765234665 -0.0929397990979495 -0.9700604978354288
0.3623846075027508 0.09710066292983142 0.9269567721871741
0.3623846075027508 0.09710066292983142 -0.9269567721871741
0.2652839445729193 0.2652839445729193 0.9269567721871741
0.2652839445729193 0.2652839445729193 -0.9269567721871741
0.09710066292983151 0.3623846075027507 0.9269567721871741
0.09710066292983151 0.3623846075027507 -0.9269567721871741
-0.09710066292983138 0.3623846075027508 0.9269567721871741
-0.09710066292983138 0.3623846075027508 -0.9269567721871741
-0.2652839445729193 0.2652839445729193 0.9269567721871741
-0.2652839445729193 0.2652839445729193 -0.9269567721871741
-0.3623846075027507 0.09710066292983152 0.9269567721871741
-0.3623846075027507 0.09710066292983152 -0.9269567721871741
-0.3623846075027508 -0.09710066292983127 0.9269567721871741
-0.3623846075027508 -0.09710066292983127 -0.9269567721871741
-0.2652839445729194 -0.2652839445729192 0.9269567721871741
-0.2652839445729194 -0.2652839445729192 -0.9269567721871741
-0.09710066292983172 -0.3623846075027506 0.9269567721871741
-0.09710066292983172 -0.3623846075027506 -0.9269567721871741
0.09710066292983126 -0.3623846075027508 0.9269567721871741
0.09710066292983126 -0.3623846075027508 -0.9269567721871741
0.2652839445729192 -0.2652839445729194 0.9269567721871741
0.2652839445729192 -0.2652839445729194 -0.9269567721871741
0.3623846075027506 -0.09710066292983173 0.9269567721871741
0.3623846075027506 -0.09710066292983173 -0.9269567721871741
0.4907540051536415 0.09761704096615972 0.8658125777203001
0.4907540051536415 0.09761704096615972 -0.8658125777203001
0.4160411565651344 0.2779898133120612 0.8658125777203001
0.4160411565651344 0.2779898133120612 -0.8658125777203001
0.2779898133120613 0.4160411565651344 0.8658125777203001
0.2779898133120613 0.4160411565651344 -0.8658125777203001
0.09761704096615977 0.4907540051536415 0.8658125777203001
0.09761704096615977 0.4907540051536415 -0.8658125777203001
-0.0976170409661597 0.4907540051536415 0.8658125777203001
-0.0976170409661597 0.4907540051536415 -0.8658125777203001
-0.2779898133120611 0.4160411565651345 0.8658125777203001
-0.2779898133120611 0.4160411565651345 -0.8658125777203001
-0.4160411565651345 0.2779898133120612 0.8658125777203001
-0.4160411565651345 0.2779898133120612 -0.8658125777203001
-0.4907540051536415 0.0976170409661599 0.8658125777203001
-0.4907540051536415 0.0976170409661599 -0.8658125777203001
-0.4907540051536415 -0.09761704096615978 0.8658125777203001
-0.4907540051536415 -0.09761704096615978 -0.8658125777203001
-0.4160411565651345 -0.2779898133120611 0.8658125777203001
-0.4160411565651345 -0.2779898133120611 -0.8658125777203001
-0.2779898133120612 -0.4160411565651344 0.8658125777203001
-0.2779898133120612 -0.4160411565651344 -0.8658125777203001
-0.09761704096615993 -0.4907540051536415 0.8658125777203001
-0.09761704096615993 -0.4907540051536415 -0.8658125777203001
0.09761704096615975 -0.4907540051536415 0.8658125777203001
0.09761704096615975 -0.4907540051536415 -0.8658125777203001
0.2779898133120611 -0.4160411565651345 0.8658125777203001
0.2779898133120611 -0.4160411565651345 -0.8658125777203001
0.4160411565651344 -0.2779898133120612 0.8658125777203001
0.4160411565651344 -0.2779898133120612 -0.8658125777203001
0.4907540051536415 -0.09761704096615996 0.8658125777203001
0.4907540051536415 -0.09761704096615996 -0.8658125777203001
0.6083267667375529 0.09634949448416205 0.7878168059792081
0.6083267667375529 0.09634949448416205 -0.7878168059792081
0.5487795043474702 0.2796171236259746 0.7878168059792081
0.5487795043474702 0.2796171236259746 -0.7878168059792081
0.4355138805002194 0.4355138805002193 0.7878168059792081
0.4355138805002194 0.4355138805002193 -0.7878168059792081
0.2796171236259747 0.5487795043474702 0.7878168059792081
0.2796171236259747 0.5487795043474702 -0.7878168059792081
0.09634949448416209 0.6083267667375529 0.7878168059792081
0.09634949448416209 0.6083267667375529 -0.7878168059792081
-0.09634949448416202 0.6083267667375529 0.7878168059792081
-0.09634949448416202 0.6083267667375529 -0.7878168059792081
-0.2796171236259746 0.5487795043474702 0.7878168059792081
-0.2796171236259746 0.5487795043474702 -0.7878168059792081
-0.4355138805002193 0.4355138805002194 0.7878168059792081
-0.4355138805002193 0.4355138805002194 -0.7878168059792081
-0.5487795043474701 0.2796171236259747 0.7878168059792081
-0.5487795043474701 0.2796171236259747 -0.7878168059792081
-0.6083267667375528 0.09634949448416212 0.7878168059792081
-0.6083267667375528 0.09634949448416212 -0.7878168059792081
-0.6083267667375529 -0.09634949448416197 0.7878168059792081
-0.6083267667375529 -0.09634949448416197 -0.7878168059792081
-0.5487795043474702 -0.2796171236259746 0.7878168059792081
-0.5487795043474702 -0.2796171236259746 -0.7878168059792081
-0.4355138805002194 -0.4355138805002193 0.7878168059792081
-0.4355138805002194 -0.4355138805002193 -0.7878168059792081
-0.2796171236259747 -0.5487795043474701 0.7878168059792081
-0.2796171236259747 -0.5487795043474701 -0.7878168059792081
-0.09634949448416216 -0.6083267667375528 0.7878168059792081
-0.09634949448416216 -0.6083267667375528 -0.7878168059792081
0.09634949448416194 -0.6083267667375529 0.7878168059792081
0.09634949448416194 -0.6083267667375529 -0.7878168059792081
0.2796171236259745 -0.5487795043474702 0.7878168059792081
0.2796171236259745 -0.5487795043474702 -0.7878168059792081
0.4355138805002192 -0.4355138805002194 0.7878168059792081
0.4355138805002192 -0.4355138805002194 -0.7878168059792081
0.5487795043474701 -0.2796171236259747 0.7878168059792081
0.5487795043474701 -0.2796171236259747 -0.7878168059792081
0.6083267667375528 -0.09634949448416222 0.7878168059792081
0.6083267667375528 -0.09634949448416222 -0.7878168059792081
0.7133495323966683 0.09391424759282233 0.6944872631866827
0.7133495323966683 0.09391424759282233 -0.6944872631866827
0.6647359406296763 0.2753426420056485 0.6944872631866827
0.6647359406296763 0.2753426420056485 -0.6944872631866827
0.5708216930368541 0.4380068903910198 0.6944872631866827
0.5708216930368541 0.4380068903910198 -0.6944872631866827
0.4380068903910199 0.570821693036854 0.6944872631866827
0.4380068903910199 0.570821693036854 -0.6944872631866827
0.2753426420056485 0.6647359406296763 0.6944872631866827
0.2753426420056485 0.6647359406296763 -0.6944872631866827
0.09391424759282242 0.7133495323966683 0.6944872631866827
0.09391424759282242 0.7133495323966683 -0.6944872631866827
-0.09391424759282219 0.7133495323966684 0.6944872631866827
-0.09391424759282219 0.7133495323966684 -0.6944872631866827
-0.2753426420056483 0.6647359406296764 0.6944872631866827
-0.2753426420056483 0.6647359406296764 -0.6944872631866827
-0.4380068903910196 0.5708216930368541 0.6944872631866827
-0.4380068903910196 0.5708216930368541 -0.6944872631866827
-0.5708216930368539 0.43800689039102 0.6944872631866827
-0.5708216930368539 0.43800689039102 -0.6944872631866827
-0.6647359406296763 0.2753426420056486 0.6944872631866827
-0.6647359406296763 0.2753426420056486 -0.6944872631866827
-0.7133495323966683 0.09391424759282263 0.6944872631866827
-0.7133495323966683 0.09391424759282263 -0.6944872631866827
-0.7133495323966684 -0.09391424759282214 0.6944872631866827
-0.7133495323966684 -0.09391424759282214 -0.6944872631866827
-0.6647359406296766 -0.2753426420056481 0.6944872631866827
-0.6647359406296766 -0.2753426420056481 -0.6944872631866827
-0.5708216930368541 -0.4380068903910196 0.6944872631866827
-0.5708216930368541 -0.4380068903910196 -0.6944872631866827
-0.43800689039102 -0.5708216930368539 0.6944872631866827
-0.43800689039102 -0.5708216930368539 -0.6944872631866827
-0.2753426420056488 -0.6647359406296762 0.6944872631866827
-0.2753426420056488 -0.6647359406296762 -0.6944872631866827
-0.09391424759282299 -0.7133495323966682 0.6944872631866827
-0.09391424759282299 -0.7133495323966682 -0.6944872631866827
0.0939142475928221 -0.7133495323966684 0.6944872631866827
0.0939142475928221 -0.7133495323966684 -0.6944872631866827
0.275342642005648 -0.6647359406296766 0.6944872631866827
0.275342642005648 -0.6647359406296766 -0.6944872631866827
0.4380068903910193 -0.5708216930368545 0.6944872631866827
0.4380068903910193 -0.5708216930368545 -0.6944872631866827
0.5708216930368539 -0.43800689039102 0.6944872631866827
0.5708216930368539 -0.43800689039102 -0.6944872631866827
0.6647359406296762 -0.2753426420056489 0.6944872631866827
0.6647359406296762 -0.2753426420056489 -0.6944872631866827
0.7133495323966682 -0.09391424759282305 0.6944872631866827
0.7133495323966682 -0.09391424759282305 -0.6944872631866827
0.8040346227200588 0.09059294472334564 0.5876404035069114
0.8040346227200588 0.09059294472334564 -0.5876404035069114
0.7637169693806755 0.267236125638415 0.5876404035069114
0.7637169693806755 0.267236125638415 -0.5876404035069114
0.6851033581922046 0.4304789713330934 0.5876404035069114
0.6851033581922046 0.4304789713330934 -0.5876404035069114
0.5721358038814887 0.5721358038814885 0.5876404035069114
0.5721358038814887 0.5721358038814885 -0.5876404035069114
0.4304789713330934 0.6851033581922046 0.5876404035069114
0.4304789713330934 0.6851033581922046 -0.5876404035069114
0.2672361256384151 0.7637169693806755 0.5876404035069114
0.2672361256384151 0.7637169693806755 -0.5876404035069114
0.09059294472334568 0.8040346227200588 0.5876404035069114
0.09059294472334568 0.8040346227200588 -0.5876404035069114
-0.0905929447233456 0.8040346227200588 0.5876404035069114
-0.0905929447233456 0.8040346227200588 -0.5876404035069114
-0.267236125638415 0.7637169693806755 0.5876404035069114
-0.267236125638415 0.7637169693806755 -0.5876404035069114
-0.4304789713330933 0.6851033581922046 0.5876404035069114
-0.4304789713330933 0.6851033581922046 -0.5876404035069114
-0.5721358038814885 0.5721358038814887 0.5876404035069114
-0.5721358038814885 0.5721358038814887 -0.5876404035069114
-0.6851033581922046 0.4304789713330935 0.5876404035069114
-0.6851033581922046 0.4304789713330935 -0.5876404035069114
-0.7637169693806755 0.2672361256384152 0.5876404035069114
-0.7637169693806755 0.2672361256384152 -0.5876404035069114
-0.8040346227200588 0.09059294472334574 0.5876404035069114
-0.8040346227200588 0.09059294472334574 -0.5876404035069114
-0.8040346227200588 -0.09059294472334554 0.5876404035069114
-0.8040346227200588 -0.09059294472334554 -0.5876404035069114
-0.7637169693806755 -0.267236125638415 0.5876404035069114
-0.7637169693806755 -0.267236125638415 -0.5876404035069114
-0.6851033581922046 -0.4304789713330933 0.5876404035069114
-0.6851033581922046 -0.4304789713330933 -0.5876404035069114
-0.5721358038814888 -0.5721358038814885 0.5876404035069114
-0.5721358038814888 -0.5721358038814885 -0.5876404035069114
-0.4304789713330935 -0.6851033581922046 0.5876404035069114
-0.4304789713330935 -0.6851033581922046 -0.5876404035069114
-0.2672361256384153 -0.7637169693806755 0.5876404035069114
-0.2672361256384153 -0.7637169693806755 -0.5876404035069114
-0.09059294472334579 -0.8040346227200588 0.5876404035069114
-0.09059294472334579 -0.8040346227200588 -0.5876404035069114
0.0905929447233455 -0.8040346227200588 0.5876404035069114
0.0905929447233455 -0.8040346227200588 -0.5876404035069114
0.2672361256384149 -0.7637169693806756 0.5876404035069114
0.2672361256384149 -0.7637169693806756 -0.5876404035069114
0.4304789713330933 -0.6851033581922046 0.5876404035069114
0.4304789713330933 -0.6851033581922046 -0.5876404035069114
0.5721358038814884 -0.5721358038814888 0.5876404035069114
0.5721358038814884 -0.5721358038814888 -0.5876404035069114
0.6851033581922045 -0.4304789713330936 0.5876404035069114
0.6851033581922045 -0.4304789713330936 -0.5876404035069114
0.7637169693806755 -0.2672361256384153 0.5876404035069114
0.7637169693806755 -0.2672361256384153 -0.5876404035069114
0.8040346227200588 -0.09059294472334584 0.5876404035069114
0.8040346227200588 -0.09059294472334584 -0.5876404035069114
0.8787571848587611 0.08655002834693039 0.4693558379867571
0.8787571848587611 0.08655002834693039 -0.4693558379867571
0.8449870390573456 0.2563240159892337 0.4693558379867571
0.8449870390573456 0.2563240159892337 -0.4693558379867571
0.7787445152191474 0.416247615445235 0.4693558379867571
0.7787445152191474 0.416247615445235 -0.4693558379867571
0.6825752763860329 0.560175052474028 0.4693558379867571
0.6825752763860329 0.560175052474028 -0.4693558379867571
0.560175052474028 0.6825752763860329 0.4693558379867571
0.560175052474028 0.6825752763860329 -0.4693558379867571
0.4162476154452351 0.7787445152191473 0.4693558379867571
0.4162476154452351 0.7787445152191473 -0.4693558379867571
0.2563240159892337 0.8449870390573456 0.4693558379867571
0.2563240159892337 0.8449870390573456 -0.4693558379867571
0.08655002834693053 0.878757184858761 0.4693558379867571
0.08655002834693053 0.878757184858761 -0.4693558379867571
-0.08655002834693042 0.8787571848587611 0.4693558379867571
-0.08655002834693042 0.8787571848587611 -0.4693558379867571
-0.2563240159892335 0.8449870390573457 0.4693558379867571
-0.2563240159892335 0.8449870390573457 -0.4693558379867571
-0.416247615445235 0.7787445152191474 0.4693558379867571
-0.416247615445235 0.7787445152191474 -0.4693558379867571
-0.5601750524740279 0.6825752763860329 0.4693558379867571
-0.5601750524740279 0.6825752763860329 -0.4693558379867571
-0.6825752763860329 0.560175052474028 0.4693558379867571
-0.6825752763860329 0.560175052474028 -0.4693558379867571
-0.7787445152191473 0.4162476154452352 0.4693558379867571
-0.7787445152191473 0.4162476154452352 -0.4693558379867571
-0.8449870390573456 0.2563240159892337 0.4693558379867571
-0.8449870390573456 0.2563240159892337 -0.4693558379867571
-0.878757184858761 0.08655002834693058 0.4693558379867571
-0.878757184858761 0.08655002834693058 -0.4693558379867571
-0.8787571848587611 -0.08655002834693037 0.4693558379867571
-0.8787571848587611 -0.08655002834693037 -0.4693558379867571
-0.8449870390573457 -0.2563240159892335 0.4693558379867571
-0.8449870390573457 -0.2563240159892335 -0.4693558379867571
-0.7787445152191474 -0.416247615445235 0.4693558379867571
-0.7787445152191474 -0.416247615445235 -0.4693558379867571
-0.6825752763860329 -0.5601750524740278 0.4693558379867571
-0.6825752763860329 -0.5601750524740278 -0.4693558379867571
-0.5601750524740283 -0.6825752763860325 0.4693558379867571
-0.5601750524740283 -0.6825752763860325 -0.4693558379867571
-0.4162476154452353 -0.7787445152191473 0.4693558379867571
-0.4162476154452353 -0.7787445152191473 -0.4693558379867571
-0.2563240159892338 -0.8449870390573456 0.4693558379867571
-0.2563240159892338 -0.8449870390573456 -0.4693558379867571
-0.08655002834693025 -0.8787571848587611 0.4693558379867571
-0.08655002834693025 -0.8787571848587611 -0.4693558379867571
0.08655002834692993 -0.8787571848587611 0.4693558379867571
0.08655002834692993 -0.8787571848587611 -0.4693558379867571
0.2563240159892334 -0.8449870390573457 0.4693558379867571
0.2563240159892334 -0.8449870390573457 -0.4693558379867571
0.416247615445235 -0.7787445152191474 0.4693558379867571
0.416247615445235 -0.7787445152191474 -0.4693558379867571
0.5601750524740281 -0.6825752763860328 0.4693558379867571
0.5601750524740281 -0.6825752763860328 -0.4693558379867571
0.6825752763860325 -0.5601750524740284 0.4693558379867571
0.6825752763860325 -0.5601750524740284 -0.4693558379867571
0.7787445152191472 -0.4162476154452353 0.4693558379867571
0.7787445152191472 -0.4162476154452353 -0.4693558379867571
0.8449870390573456 -0.2563240159892338 0.4693558379867571
0.8449870390573456 -0.2563240159892338 -0.4693558379867571
0.8787571848587611 -0.08655002834693029 0.4693558379867571
0.8787571848587611 -0.08655002834693029 -0.4693558379867571
0.9361473764627486 0.08190228283002592 0.3419358208920842
0.9361473764627486 0.08190228283002592 -0.3419358208920842
0.9077030121423575 0.2432182890708423 0.3419358208920842
0.9077030121423575 0.2432182890708423 -0.3419358208920842
0.8516785511179077 0.3971442306726338 0.3419358208920842
0.8516785511179077 0.3971442306726338 -0.3419358208920842
0.7697762682878817 0.5390031457901148 0.3419358208920842
0.7697762682878817 0.5390031457901148 -0.3419358208920842
0.6644847230715153 0.6644847230715152 0.3419358208920842
0.6644847230715153 0.6644847230715152 -0.3419358208920842
0.5390031457901148 0.7697762682878817 0.3419358208920842
0.5390031457901148 0.7697762682878817 -0.3419358208920842
0.3971442306726338 0.8516785511179077 0.3419358208920842
0.3971442306726338 0.8516785511179077 -0.3419358208920842
0.2432182890708423 0.9077030121423575 0.3419358208920842
0.2432182890708423 0.9077030121423575 -0.3419358208920842
0.0819022828300261 0.9361473764627486 0.3419358208920842
0.0819022828300261 0.9361473764627486 -0.3419358208920842
-0.08190228283002576 0.9361473764627486 0.3419358208920842
-0.08190228283002576 0.9361473764627486 -0.3419358208920842
-0.2432182890708421 0.9077030121423575 0.3419358208920842
-0.2432182890708421 0.9077030121423575 -0.3419358208920842
-0.3971442306726337 0.8516785511179078 0.3419358208920842
-0.3971442306726337 0.8516785511179078 -0.3419358208920842
-0.5390031457901145 0.7697762682878819 0.3419358208920842
-0.5390031457901145 0.7697762682878819 -0.3419358208920842
-0.6644847230715152 0.6644847230715153 0.3419358208920842
-0.6644847230715152 0.6644847230715153 -0.3419358208920842
-0.7697762682878817 0.539003145790115 0.3419358208920842
-0.7697762682878817 0.539003145790115 -0.3419358208920842
-0.8516785511179077 0.3971442306726338 0.3419358208920842
-0.8516785511179077 0.3971442306726338 -0.3419358208920842
-0.9077030121423574 0.2432182890708425 0.3419358208920842
-0.9077030121423574 0.2432182890708425 -0.3419358208920842
-0.9361473764627486 0.08190228283002593 0.3419358208920842
-0.9361473764627486 0.08190228283002593 -0.3419358208920842
-0.9361473764627486 -0.08190228283002571 0.3419358208920842
-0.9361473764627486 -0.08190228283002571 -0.3419358208920842
-0.9077030121423575 -0.2432182890708423 0.3419358208920842
-0.9077030121423575 -0.2432182890708423 -0.3419358208920842
-0.8516785511179078 -0.3971442306726337 0.3419358208920842
-0.8516785511179078 -0.3971442306726337 -0.3419358208920842
-0.7697762682878819 -0.5390031457901145 0.3419358208920842
-0.7697762682878819 -0.5390031457901145 -0.3419358208920842
-0.6644847230715154 -0.6644847230715152 0.3419358208920842
-0.6644847230715154 -0.6644847230715152 -0.3419358208920842
-0.539003145790115 -0.7697762682878816 0.3419358208920842
-0.539003145790115 -0.7697762682878816 -0.3419358208920842
-0.3971442306726343 -0.8516785511179075 0.3419358208920842
-0.3971442306726343 -0.8516785511179075 -0.3419358208920842
-0.2432182890708421 -0.9077030121423575 0.3419358208920842
-0.2432182890708421 -0.9077030121423575 -0.3419358208920842
-0.08190228283002599 -0.9361473764627486 0.3419358208920842
-0.08190228283002599 -0.9361473764627486 -0.3419358208920842
0.08190228283002565 -0.9361473764627486 0.3419358208920842
0.08190228283002565 -0.9361473764627486 -0.3419358208920842
0.2432182890708418 -0.9077030121423576 0.3419358208920842
0.2432182890708418 -0.9077030121423576 -0.3419358208920842
0.3971442306726332 -0.8516785511179079 0.3419358208920842
0.3971442306726332 -0.8516785511179079 -0.3419358208920842
0.5390031457901148 -0.7697762682878817 0.3419358208920842
0.5390031457901148 -0.7697762682878817 -0.3419358208920842
0.6644847230715151 -0.6644847230715154 0.3419358208920842
0.6644847230715151 -0.6644847230715154 -0.3419358208920842
0.7697762682878816 -0.5390031457901151 0.3419358208920842
0.7697762682878816 -0.5390031457901151 -0.3419358208920842
0.8516785511179075 -0.3971442306726343 0.3419358208920842
0.8516785511179075 -0.3971442306726343 -0.3419358208920842
0.9077030121423575 -0.2432182890708422 0.3419358208920842
0.9077030121423575 -0.2432182890708422 -0.3419358208920842
0.9361473764627486 -0.08190228283002605 0.3419358208920842
0.9361473764627486 -0.08190228283002605 -0.3419358208920842
0.975143159658046 0.07674543106343963 0.2078604266882214
0.975143159658046 0.07674543106343963 -0.2078604266882214
0.9511318987526638 0.2283465659740541 0.2078604266882214
0.9511318987526638 0.2283465659740541 -0.2078604266882214
0.9037006138741961 0.3743250505915837 0.2078604266882214
0.9037006138741961 0.3743250505915837 -0.2078604266882214
0.8340172206717604 0.5110864101499303 0.2078604266882214
0.8340172206717604 0.5110864101499303 -0.2078604266882214
0.7437975555519234 0.6352631260918377 0.2078604266882214
0.7437975555519234 0.6352631260918377 -0.2078604266882214
0.6352631260918377 0.7437975555519234 0.2078604266882214
0.6352631260918377 0.7437975555519234 -0.2078604266882214
0.5110864101499304 0.8340172206717603 0.2078604266882214
0.5110864101499304 0.8340172206717603 -0.2078604266882214
0.3743250505915837 0.9037006138741961 0.2078604266882214
0.3743250505915837 0.9037006138741961 -0.2078604266882214
0.2283465659740542 0.9511318987526638 0.2078604266882214
0.2283465659740542 0.9511318987526638 -0.2078604266882214
0.07674543106343969 0.975143159658046 0.2078604266882214
0.07674543106343969 0.975143159658046 -0.2078604266882214
-0.07674543106343956 0.975143159658046 0.2078604266882214
-0.07674543106343956 0.975143159658046 -0.2078604266882214
-0.228346565974054 0.9511318987526639 0.2078604266882214
-0.228346565974054 0.9511318987526639 -0.2078604266882214
-0.3743250505915836 0.9037006138741961 0.2078604266882214
-0.3743250505915836 0.9037006138741961 -0.2078604266882214
-0.5110864101499303 0.8340172206717604 0.2078604266882214
-0.5110864101499303 0.8340172206717604 -0.2078604266882214
-0.6352631260918375 0.7437975555519235 0.2078604266882214
-0.6352631260918375 0.7437975555519235 -0.2078604266882214
-0.7437975555519233 0.6352631260918378 0.2078604266882214
-0.7437975555519233 0.6352631260918378 -0.2078604266882214
-0.8340172206717603 0.5110864101499304 0.2078604266882214
-0.8340172206717603 0.5110864101499304 -0.2078604266882214
-0.9037006138741961 0.3743250505915838 0.2078604266882214
-0.9037006138741961 0.3743250505915838 -0.2078604266882214
-0.9511318987526638 0.2283465659740542 0.2078604266882214
-0.9511318987526638 0.2283465659740542 -0.2078604266882214
-0.975143159658046 0.07674543106343976 0.2078604266882214
-0.975143159658046 0.07674543106343976 -0.2078604266882214
-0.975143159658046 -0.07674543106343952 0.2078604266882214
-0.975143159658046 -0.07674543106343952 -0.2078604266882214
-0.9511318987526639 -0.228346565974054 0.2078604266882214
-0.9511318987526639 -0.228346565974054 -0.2078604266882214
-0.9037006138741962 -0.3743250505915836 0.2078604266882214
-0.9037006138741962 -0.3743250505915836 -0.2078604266882214
-0.8340172206717604 -0.5110864101499303 0.2078604266882214
-0.8340172206717604 -0.5110864101499303 -0.2078604266882214
-0.7437975555519235 -0.6352631260918375 0.2078604266882214
-0.7437975555519235 -0.6352631260918375 -0.2078604266882214
-0.6352631260918381 -0.7437975555519231 0.2078604266882214
-0.6352631260918381 -0.7437975555519231 -0.2078604266882214
-0.5110864101499301 -0.8340172206717605 0.2078604266882214
-0.5110864101499301 -0.8340172206717605 -0.2078604266882214
-0.3743250505915842 -0.9037006138741959 0.2078604266882214
-0.3743250505915842 -0.9037006138741959 -0.2078604266882214
-0.2283465659740538 -0.9511318987526639 0.2078604266882214
-0.2283465659740538 -0.9511318987526639 -0.2078604266882214
-0.07674543106344024 -0.975143159658046 0.2078604266882214
-0.07674543106344024 -0.975143159658046 -0.2078604266882214
0.0767454310634399 -0.975143159658046 0.2078604266882214
0.0767454310634399 -0.975143159658046 -0.2078604266882214
0.2283465659740535 -0.951131898752664 0.2078604266882214
0.2283465659740535 -0.951131898752664 -0.2078604266882214
0.3743250505915839 -0.903700613874196 0.2078604266882214
0.3743250505915839 -0.903700613874196 -0.2078604266882214
0.5110864101499298 -0.8340172206717607 0.2078604266882214
0.5110864101499298 -0.8340172206717607 -0.2078604266882214
0.6352631260918379 -0.7437975555519233 0.2078604266882214
0.6352631260918379 -0.7437975555519233 -0.2078604266882214
0.743797555551923 -0.6352631260918382 0.2078604266882214
0.743797555551923 -0.6352631260918382 -0.2078604266882214
0.8340172206717604 -0.5110864101499302 0.2078604266882214
0.8340172206717604 -0.5110864101499302 -0.2078604266882214
0.9037006138741959 -0.3743250505915842 0.2078604266882214
0.9037006138741959 -0.3743250505915842 -0.2078604266882214
0.9511318987526639 -0.2283465659740539 0.2078604266882214
0.9511318987526639 -0.2283465659740539 -0.2078604266882214
0.975143159658046 -0.0767454310634403 0.2078604266882214
0.975143159658046 -0.0767454310634403 -0.2078604266882214
0.9950235709485175 0.07116549032851281 0.06973927331972218
0.9950235709485175 0.07116549032851281 -0.06973927331972218
0.9747677604550349 0.212047746826777 0.06973927331972218
0.9747677604550349 0.212047746826777 -0.06973927331972218
0.9346684893567829 0.3486133226948541 0.06973927331972218
0.9346684893567829 0.3486133226948541 -0.06973927331972218
0.8755420631765735 0.4780821366306697 0.06973927331972218
0.8755420631765735 0.4780821366306697 -0.06973927331972218
0.7985921254449022 0.5978185769397188 0.06973927331972218
0.7985921254449022 0.5978185769397188 -0.06973927331972218
0.7053851549886903 0.7053851549886901 0.06973927331972218
0.7053851549886903 0.7053851549886901 -0.06973927331972218
0.597818576939719 0.7985921254449022 0.06973927331972218
0.597818576939719 0.7985921254449022 -0.06973927331972218
0.4780821366306697 0.8755420631765735 0.06973927331972218
0.4780821366306697 0.8755420631765735 -0.06973927331972218
0.3486133226948542 0.9346684893567829 0.06973927331972218
0.3486133226948542 0.9346684893567829 -0.06973927331972218
0.212047746826777 0.9747677604550349 0.06973927331972218
0.212047746826777 0.9747677604550349 -0.06973927331972218
0.07116549032851283 0.9950235709485175 0.06973927331972218
0.07116549032851283 0.9950235709485175 -0.06973927331972218
-0.07116549032851271 0.9950235709485175 0.06973927331972218
-0.07116549032851271 0.9950235709485175 -0.06973927331972218
-0.2120477468267771 0.9747677604550349 0.06973927331972218
-0.2120477468267771 0.9747677604550349 -0.06973927331972218
-0.348613322694854 0.9346684893567829 0.06973927331972218
-0.348613322694854 0.9346684893567829 -0.06973927331972218
-0.4780821366306697 0.8755420631765733 0.06973927331972218
-0.4780821366306697 0.8755420631765733 -0.06973927331972218
-0.597818576939719 0.7985921254449022 0.06973927331972218
-0.597818576939719 0.7985921254449022 -0.06973927331972218
-0.7053851549886901 0.7053851549886903 0.06973927331972218
-0.7053851549886901 0.7053851549886903 -0.06973927331972218
-0.7985921254449021 0.5978185769397191 0.06973927331972218
-0.7985921254449021 0.5978185769397191 -0.06973927331972218
-0.8755420631765733 0.4780821366306699 0.06973927331972218
-0.8755420631765733 0.4780821366306699 -0.06973927331972218
-0.934668489356783 0.348613322694854 0.06973927331972218
-0.934668489356783 0.348613322694854 -0.06973927331972218
-0.9747677604550349 0.212047746826777 0.06973927331972218
-0.9747677604550349 0.212047746826777 -0.06973927331972218
-0.9950235709485175 0.0711654903285129 0.06973927331972218
-0.9950235709485175 0.0711654903285129 -0.06973927331972218
-0.9950235709485175 -0.07116549032851265 0.06973927331972218
-0.9950235709485175 -0.07116549032851265 -0.06973927331972218
-0.974767760455035 -0.2120477468267768 0.06973927331972218
-0.974767760455035 -0.2120477468267768 -0.06973927331972218
-0.9346684893567829 -0.3486133226948542 0.06973927331972218
-0.9346684893567829 -0.3486133226948542 -0.06973927331972218
-0.8755420631765735 -0.4780821366306697 0.06973927331972218
-0.8755420631765735 -0.4780821366306697 -0.06973927331972218
-0.7985921254449022 -0.5978185769397188 0.06973927331972218
-0.7985921254449022 -0.5978185769397188 -0.06973927331972218
-0.7053851549886904 -0.7053851549886901 0.06973927331972218
-0.7053851549886904 -0.7053851549886901 -0.06973927331972218
-0.5978185769397191 -0.7985921254449021 0.06973927331972218
-0.5978185769397191 -0.7985921254449021 -0.06973927331972218
-0.47808213663067 -0.8755420631765732 0.06973927331972218
-0.47808213663067 -0.8755420631765732 -0.06973927331972218
-0.3486133226948545 -0.9346684893567828 0.06973927331972218
-0.3486133226948545 -0.9346684893567828 -0.06973927331972218
-0.2120477468267775 -0.9747677604550348 0.06973927331972218
-0.2120477468267775 -0.9747677604550348 -0.06973927331972218
-0.07116549032851251 -0.9950235709485175 0.06973927331972218
-0.07116549032851251 -0.9950235709485175 -0.06973927331972218
0.07116549032851303 -0.9950235709485175 0.06973927331972218
0.07116549032851303 -0.9950235709485175 -0.06973927331972218
0.2120477468267772 -0.9747677604550349 0.06973927331972218
0.2120477468267772 -0.9747677604550349 -0.06973927331972218
0.3486133226948541 -0.9346684893567829 0.06973927331972218
0.3486133226948541 -0.9346684893567829 -0.06973927331972218
0.4780821366306696 -0.8755420631765735 0.06973927331972218
0.4780821366306696 -0.8755420631765735 -0.06973927331972218
0.5978185769397188 -0.7985921254449023 0.06973927331972218
0.5978185769397188 -0.7985921254449023 -0.06973927331972218
0.70538515498869 -0.7053851549886904 0.06973927331972218
0.70538515498869 -0.7053851549886904 -0.06973927331972218
0.798592125444902 -0.5978185769397192 0.06973927331972218
0.798592125444902 -0.5978185769397192 -0.06973927331972218
0.8755420631765732 -0.47808213663067 0.06973927331972218
0.8755420631765732 -0.47808213663067 -0.06973927331972218
0.9346684893567828 -0.3486133226948545 0.06973927331972218
0.9346684893567828 -0.3486133226948545 -0.06973927331972218
0.9747677604550348 -0.2120477468267776 0.06973927331972218
0.9747677604550348 -0.2120477468267776 -0.06973927331972218
0.9950235709485175 -0.07116549032851258 0.06973927331972218
0.9950235709485175 -0.07116549032851258 -0.06973927331972218

Weights: 
0.02297760128289891
0.02297760128289891
0.02297760128289891
0.02297760128289891
0.02297760128289891
0.02297760128289891
0.02297760128289891
0.02297760128289891
0.0265267456736426
0.0265267456736426
0.0265267456736426
0.0265267456736426
0.0265267456736426
0.0265267456736426
0.0265267456736426
0.0265267456736426
0.0265267456736426
0.0265267456736426
0.0265267456736426
0.0265267456736426
0.0265267456736426
0.0265267456736426
0.0265267456736426
0.0265267456736426
0.02738072625789647
0.02738072625789647
0.02738072625789647
0.02738072625789647
0.02738072625789647
0.02738072625789647
0.02738072625789647
0.02738072625789647
0.02738072625789647
0.02738072625789647
0.02738072625789647
0.02738072625789647
0.02738072625789647
0.02738072625789647
0.02738072625789647
0.02738072625789647
0.02738072625789647
0.02738072625789647
0.02738072625789647
0.02738072625789647
0.02738072625789647
0.02738072625789647
0.02738072625789647
0.02738072625789647
0.02740900905612318
0.02740900905612318
0.02740900905612318
0.02740900905612318
0.02740900905612318
0.02740900905612318
0.02740900905612318
0.02740900905612318
0.02740900905612318
0.02740900905612318
0.02740900905612318
0.02740900905612318
0.02740900905612318
0.02740900905612318
0.02740900905612318
0.02740900905612318
0.02740900905612318
0.02740900905612318
0.02740900905612318
0.02740900905612318
0.02740900905612318
0.02740900905612318
0.02740900905612318
0.02740900905612318
0.02740900905612318
0.02740900905612318
0.02740900905612318
0.02740900905612318
0.02740900905612318
0.02740900905612318
0.02740900905612318
0.02740900905612318
0.02699935187292466
0.02699935187292466
0.02699935187292466
0.02699935187292466
0.02699935187292466
0.02699935187292466
0.02699935187292466
0.02699935187292466
0.02699935187292466
0.02699935187292466
0.02699935187292466
0.02699935187292466
0.02699935187292466
0.02699935187292466
0.02699935187292466
0.02699935187292466
0.02699935187292466
0.02699935187292466
0.02699935187292466
0.02699935187292466
0.02699935187292466
0.02699935187292466
0.02699935187292466
0.02699935187292466
0.02699935187292466
0.02699935187292466
0.02699935187292466
0.02699935187292466
0.02699935187292466
0.02699935187292466
0.02699935187292466
0.02699935187292466
0.02699935187292466
0.02699935187292466
0.02699935187292466
0.02699935187292466
0.02699935187292466
0.02699935187292466
0.02699935187292466
0.02699935187292466
0.02628836154152155
0.02628836154152155
0.02628836154152155
0.02628836154152155
0.02628836154152155
0.02628836154152155
0.02628836154152155
0.02628836154152155
0.02628836154152155
0.02628836154152155
0.02628836154152155
0.02628836154152155
0.02628836154152155
0.02628836154152155
0.02628836154152155
0.02628836154152155
0.02628836154152155
0.02628836154152155
0.02628836154152155
0.02628836154152155
0.02628836154152155
0.02628836154152155
0.02628836154152155
0.02628836154152155
0.02628836154152155
0.02628836154152155
0.02628836154152155
0.02628836154152155
0.02628836154152155
0.02628836154152155
0.02628836154152155
0.02628836154152155
0.02628836154152155
0.02628836154152155
0.02628836154152155
0.02628836154152155
0.02628836154152155
0.02628836154152155
0.02628836154152155
0.02628836154152155
0.02628836154152155
0.02628836154152155
0.02628836154152155
0.02628836154152155
0.02628836154152155
0.02628836154152155
0.02628836154152155
0.02628836154152155
0.02534194797997497
0.02534194797997497
0.02534194797997497
0.02534194797997497
0.02534194797997497
0.02534194797997497
0.02534194797997497
0.02534194797997497
0.02534194797997497
0.02534194797997497
0.02534194797997497
0.02534194797997497
0.02534194797997497
0.02534194797997497
0.02534194797997497
0.02534194797997497
0.02534194797997497
0.02534194797997497
0.02534194797997497
0.02534194797997497
0.02534194797997497
0.02534194797997497
0.02534194797997497
0.02534194797997497
0.02534194797997497
0.02534194797997497
0.02534194797997497
0.02534194797997497
0.02534194797997497
0.02534194797997497
0.02534194797997497
0.02534194797997497
0.02534194797997497
0.02534194797997497
0.02534194797997497
0.02534194797997497
0.02534194797997497
0.02534194797997497
0.02534194797997497
0.02534194797997497
0.02534194797997497
0.02534194797997497
0.02534194797997497
0.02534194797997497
0.02534194797997497
0.02534194797997497
0.02534194797997497
0.02534194797997497
0.02534194797997497
0.02534194797997497
0.02534194797997497
0.02534194797997497
0.02534194797997497
0.02534194797997497
0.02534194797997497
0.02534194797997497
0.0242005475953367
0.0242005475953367
0.0242005475953367
0.0242005475953367
0.0242005475953367
0.0242005475953367
0.0242005475953367
0.0242005475953367
0.0242005475953367
0.0242005475953367
0.0242005475953367
0.0242005475953367
0.0242005475953367
0.0242005475953367
0.0242005475953367
0.0242005475953367
0.0242005475953367
0.0242005475953367
0.0242005475953367
0.0242005475953367
0.0242005475953367
0.0242005475953367
0.0242005475953367
0.0242005475953367
0.0242005475953367
0.0242005475953367
0.0242005475953367
0.0242005475953367
0.0242005475953367
0.0242005475953367
0.0242005475953367
0.0242005475953367
0.0242005475953367
0.0242005475953367
0.0242005475953367
0.0242005475953367
0.0242005475953367
0.0242005475953367
0.0242005475953367
0.0242005475953367
0.0242005475953367
0.0242005475953367
0.0242005475953367
0.0242005475953367
0.0242005475953367
0.0242005475953367
0.0242005475953367
0.0242005475953367
0.0242005475953367
0.0242005475953367
0.0242005475953367
0.0242005475953367
0.0242005475953367
0.0242005475953367
0.0242005475953367
0.0242005475953367
0.0242005475953367
0.0242005475953367
0.0242005475953367
0.0242005475953367
0.0242005475953367
0.0242005475953367
0.0242005475953367
0.0242005475953367
0.02289409549914783
0.02289409549914783
0.02289409549914783
0.02289409549914783
0.02289409549914783
0.02289409549914783
0.02289409549914783
0.02289409549914783
0.02289409549914783
0.02289409549914783
0.02289409549914783
0.02289409549914783
0.02289409549914783
0.02289409549914783
0.02289409549914783
0.02289409549914783
0.02289409549914783
0.02289409549914783
0.02289409549914783
0.02289409549914783
0.02289409549914783
0.02289409549914783
0.02289409549914783
0.02289409549914783
0.02289409549914783
0.02289409549914783
0.02289409549914783
0.02289409549914783
0.02289409549914783
0.02289409549914783
0.02289409549914783
0.02289409549914783
0.02289409549914783
0.02289409549914783
0.02289409549914783
0.02289409549914783
0.02289409549914783
0.02289409549914783
0.02289409549914783
0.02289409549914783
0.02289409549914783
0.02289409549914783
0.02289409549914783
0.02289409549914783
0.02289409549914783
0.02289409549914783
0.02289409549914783
0.02289409549914783
0.02289409549914783
0.02289409549914783
0.02289409549914783
0.02289409549914783
0.02289409549914783
0.02289409549914783
0.02289409549914783
0.02289409549914783
0.02289409549914783
0.02289409549914783
0.02289409549914783
0.02289409549914783
0.02289409549914783
0.02289409549914783
0.02289409549914783
0.02289409549914783
0.02289409549914783
0.02289409549914783
0.02289409549914783
0.02289409549914783
0.02289409549914783
0.02289409549914783
0.02289409549914783
0.02289409549914783
0.0214478884056992
0.0214478884056992
0.0214478884056992
0.0214478884056992
0.0214478884056992
0.0214478884056992
0.0214478884056992
0.0214478884056992
0.0214478884056992
0.0214478884056992
0.0214478884056992
0.0214478884056992
0.0214478884056992
0.0214478884056992
0.0214478884056992
0.0214478884056992
0.0214478884056992
0.0214478884056992
0.0214478884056992
0.0214478884056992
0.0214478884056992
0.0214478884056992
0.0214478884056992
0.0214478884056992
0.0214478884056992
0.0214478884056992
0.0214478884056992
0.0214478884056992
0.0214478884056992
0.0214478884056992
0.0214478884056992
0.0214478884056992
0.0214478884056992
0.0214478884056992
0.0214478884056992
0.0214478884056992
0.0214478884056992
0.0214478884056992
0.0214478884056992
0.0214478884056992
0.0214478884056992
0.0214478884056992
0.0214478884056992
0.0214478884056992
0.0214478884056992
0.0214478884056992
0.0214478884056992
0.0214478884056992
0.0214478884056992
0.0214478884056992
0.0214478884056992
0.0214478884056992
0.0214478884056992
0.0214478884056992
0.0214478884056992
0.0214478884056992
0.0214478884056992
0.0214478884056992
0.0214478884056992
0.0214478884056992
0.0214478884056992
0.0214478884056992
0.0214478884056992
0.0214478884056992
0.0214478884056992
0.0214478884056992
0.0214478884056992
0.0214478884056992
0.0214478884056992
0.0214478884056992
0.0214478884056992
0.0214478884056992
0.0214478884056992
0.0214478884056992
0.0214478884056992
0.0214478884056992
0.0214478884056992
0.0214478884056992
0.0214478884056992
0.0214478884056992
0.01988512094372152
0.01988512094372152
0.01988512094372152
0.01988512094372152
0.01988512094372152
0.01988512094372152
0.01988512094372152
0.01988512094372152
0.01988512094372152
0.01988512094372152
0.01988512094372152
0.01988512094372152
0.01988512094372152
0.01988512094372152
0.01988512094372152
0.01988512094372152
0.01988512094372152
0.01988512094372152
0.01988512094372152
0.01988512094372152
0.01988512094372152
0.01988512094372152
0.01988512094372152
0.01988512094372152
0.01988512094372152
0.01988512094372152
0.01988512094372152
0.01988512094372152
0.01988512094372152
0.01988512094372152
0.01988512094372152
0.01988512094372152
0.01988512094372152
0.01988512094372152
0.01988512094372152
0.01988512094372152
0.01988512094372152
0.01988512094372152
0.01988512094372152
0.01988512094372152
0.01988512094372152
0.01988512094372152
0.01988512094372152
0.01988512094372152
0.01988512094372152
0.01988512094372152
0.01988512094372152
0.01988512094372152
0.01988512094372152
0.01988512094372152
0.01988512094372152
0.01988512094372152
0.01988512094372152
0.01988512094372152
0.01988512094372152
0.01988512094372152
0.01988512094372152
0.01988512094372152
0.01988512094372152
0.01988512094372152
0.01988512094372152
0.01988512094372152
0.01988512094372152
0.01988512094372152
0.01988512094372152
0.01988512094372152
0.01988512094372152
0.01988512094372152
0.01988512094372152
0.01988512094372152
0.01988512094372152
0.01988512094372152
0.01988512094372152
0.01988512094372152
0.01988512094372152
0.01988512094372152
0.01988512094372152
0.01988512094372152
0.01988512094372152
0.01988512094372152
0.01988512094372152
0.01988512094372152
0.01988512094372152
0.01988512094372152
0.01988512094372152
0.01988512094372152
0.01988512094372152
0.01988512094372152
