Angles: 
0.06929068174942539 0.06929068174942539 0.9951872199970213
0.06929068174942539 0.06929068174942539 -0.9951872199970213
-0.06929068174942539 0.06929068174942539 0.9951872199970213
-0.06929068174942539 0.06929068174942539 -0.9951872199970213
-0.0692906817494254 -0.06929068174942539 0.9951872199970213
-0.0692906817494254 -0.06929068174942539 -0.9951872199970213
0.06929068174942538 -0.0692906817494254 0.9951872199970213
0.06929068174942538 -0.0692906817494254 -0.9951872199970213
0.2063878269488751 0.08548863703093541 0.9747285559713095
0.2063878269488751 0.08548863703093541 -0.9747285559713095
0.08548863703093541 0.2063878269488751 0.9747285559713095
0.08548863703093541 0.2063878269488751 -0.9747285559713095
-0.0854886370309354 0.2063878269488751 0.9747285559713095
-0.0854886370309354 0.2063878269488751 -0.9747285559713095
-0.2063878269488751 0.08548863703093543 0.9747285559713095
-0.2063878269488751 0.08548863703093543 -0.9747285559713095
-0.2063878269488751 -0.08548863703093539 0.9747285559713095
-0.2063878269488751 -0.08548863703093539 -0.9747285559713095
-0.08548863703093552 -0.206387826948875 0.9747285559713095
-0.08548863703093552 -0.206387826948875 -0.9747285559713095
0.08548863703093545 -0.206387826948875 0.9747285559713095
0.08548863703093545 -0.206387826948875 -0.9747285559713095
0.206387826948875 -0.08548863703093554 0.9747285559713095
0.206387826948875 -0.08548863703093554 -0.9747285559713095
0.3341054425928311 0.08952328352959191 0.9382745520027327
0.3341054425928311 0.08952328352959191 -0.9382745520027327
0.2445821590632392 0.2445821590632392 0.9382745520027327
0.2445821590632392 0.2445821590632392 -0.9382745520027327
0.08952328352959199 0.334105442592831 0.9382745520027327
0.08952328352959199 0.334105442592831 -0.9382745520027327
-0.08952328352959188 0.3341054425928311 0.9382745520027327
-0.08952328352959188 0.3341054425928311 -0.9382745520027327
-0.2445821590632392 0.2445821590632392 0.9382745520027327
-0.2445821590632392 0.2445821590632392 -0.9382745520027327
-0.334105442592831 0.089523283529592 0.9382745520027327
-0.334105442592831 0.089523283529592 -0.9382745520027327
-0.3341054425928311 -0.08952328352959178 0.9382745520027327
-0.3341054425928311 -0.08952328352959178 -0.9382745520027327
-0.2445821590632393 -0.244582159063239 0.9382745520027327
-0.2445821590632393 -0.244582159063239 -0.9382745520027327
-0.08952328352959218 -0.334105442592831 0.9382745520027327
-0.08952328352959218 -0.334105442592831 -0.9382745520027327
0.08952328352959175 -0.3341054425928311 0.9382745520027327
0.08952328352959175 -0.3341054425928311 -0.9382745520027327
0.2445821590632391 -0.2445821590632392 0.9382745520027327
0.2445821590632391 -0.2445821590632392 -0.9382745520027327
0.334105442592831 -0.0895232835295922 0.9382745520027327
0.334105442592831 -0.0895232835295922 -0.9382745520027327
0.4539960813029442 0.09030543531305632 0.886415527004401
0.4539960813029442 0.09030543531305632 -0.886415527004401
0.3848792934092962 0.2571681220335658 0.886415527004401
0.3848792934092962 0.2571681220335658 -0.886415527004401
0.2571681220335658 0.3848792934092962 0.886415527004401
0.2571681220335658 0.3848792934092962 -0.886415527004401
0.09030543531305635 0.4539960813029442 0.886415527004401
0.09030543531305635 0.4539960813029442 -0.886415527004401
-0.09030543531305629 0.4539960813029442 0.886415527004401
-0.09030543531305629 0.4539960813029442 -0.886415527004401
-0.2571681220335656 0.3848792934092963 0.886415527004401
-0.2571681220335656 0.3848792934092963 -0.886415527004401
-0.3848792934092963 0.2571681220335658 0.886415527004401
-0.3848792934092963 0.2571681220335658 -0.886415527004401
-0.4539960813029442 0.09030543531305649 0.886415527004401
-0.4539960813029442 0.09030543531305649 -0.886415527004401
-0.4539960813029442 -0.09030543531305636 0.886415527004401
-0.4539960813029442 -0.09030543531305636 -0.886415527004401
-0.3848792934092963 -0.2571681220335656 0.886415527004401
-0.3848792934092963 -0.2571681220335656 -0.886415527004401
-0.2571681220335658 -0.3848792934092962 0.886415527004401
-0.2571681220335658 -0.3848792934092962 -0.886415527004401
-0.0903054353130565 -0.4539960813029442 0.886415527004401
-0.0903054353130565 -0.4539960813029442 -0.886415527004401
0.09030543531305633 -0.4539960813029442 0.886415527004401
0.09030543531305633 -0.4539960813029442 -0.886415527004401
0.2571681220335656 -0.3848792934092963 0.886415527004401
0.2571681220335656 -0.3848792934092963 -0.886415527004401
0.3848792934092962 -0.2571681220335658 0.886415527004401
0.3848792934092962 -0.2571681220335658 -0.886415527004401
0.4539960813029442 -0.09030543531305653 0.886415527004401
0.4539960813029442 -0.09030543531305653 -0.886415527004401
0.5653139659273354 0.08953693610104499 0.8200019859739029
0.5653139659273354 0.08953693610104499 -0.8200019859739029
0.5099770961683621 0.2598463091570482 0.8200019859739029
0.5099770961683621 0.2598463091570482 -0.8200019859739029
0.4047201150170666 0.4047201150170665 0.8200019859739029
0.4047201150170666 0.4047201150170665 -0.8200019859739029
0.2598463091570483 0.5099770961683621 0.8200019859739029
0.2598463091570483 0.5099770961683621 -0.8200019859739029
0.08953693610104502 0.5653139659273354 0.8200019859739029
0.08953693610104502 0.5653139659273354 -0.8200019859739029
-0.08953693610104496 0.5653139659273354 0.8200019859739029
-0.08953693610104496 0.5653139659273354 -0.8200019859739029
-0.2598463091570482 0.5099770961683621 0.8200019859739029
-0.2598463091570482 0.5099770961683621 -0.8200019859739029
-0.4047201150170665 0.4047201150170666 0.8200019859739029
-0.4047201150170665 0.4047201150170666 -0.8200019859739029
-0.5099770961683621 0.2598463091570483 0.8200019859739029
-0.5099770961683621 0.2598463091570483 -0.8200019859739029
-0.5653139659273353 0.08953693610104506 0.8200019859739029
-0.5653139659273353 0.08953693610104506 -0.8200019859739029
-0.5653139659273354 -0.08953693610104491 0.8200019859739029
-0.5653139659273354 -0.08953693610104491 -0.8200019859739029
-0.5099770961683621 -0.2598463091570481 0.8200019859739029
-0.5099770961683621 -0.2598463091570481 -0.8200019859739029
-0.4047201150170666 -0.4047201150170665 0.8200019859739029
-0.4047201150170666 -0.4047201150170665 -0.8200019859739029
-0.2598463091570483 -0.5099770961683621 0.8200019859739029
-0.2598463091570483 -0.5099770961683621 -0.8200019859739029
-0.08953693610104509 -0.5653139659273353 0.8200019859739029
-0.08953693610104509 -0.5653139659273353 -0.8200019859739029
0.08953693610104488 -0.5653139659273354 0.8200019859739029
0.08953693610104488 -0.5653139659273354 -0.8200019859739029
0.2598463091570481 -0.5099770961683621 0.8200019859739029
0.2598463091570481 -0.5099770961683621 -0.8200019859739029
0.4047201150170664 -0.4047201150170666 0.8200019859739029
0.4047201150170664 -0.4047201150170666 -0.8200019859739029
0.5099770961683621 -0.2598463091570483 0.8200019859739029
0.5099770961683621 -0.2598463091570483 -0.8200019859739029
0.5653139659273353 -0.08953693610104513 0.8200019859739029
0.5653139659273353 -0.08953693610104513 -0.8200019859739029
0.6667171324380097 0.08777497566977054 0.7401241915785544
0.6667171324380097 0.08777497566977054 -0.7401241915785544
0.6212814616645157 0.2573432074724225 0.7401241915785544
0.6212814616645157 0.2573432074724225 -0.7401241915785544
0.5335064859947451 0.4093739249655871 0.7401241915785544
0.5335064859947451 0.4093739249655871 -0.7401241915785544
0.4093739249655872 0.5335064859947451 0.7401241915785544
0.4093739249655872 0.5335064859947451 -0.7401241915785544
0.2573432074724226 0.6212814616645157 0.7401241915785544
0.2573432074724226 0.6212814616645157 -0.7401241915785544
0.08777497566977063 0.6667171324380097 0.7401241915785544
0.08777497566977063 0.6667171324380097 -0.7401241915785544
-0.08777497566977041 0.6667171324380097 0.7401241915785544
-0.08777497566977041 0.6667171324380097 -0.7401241915785544
-0.2573432074724223 0.6212814616645157 0.7401241915785544
-0.2573432074724223 0.6212814616645157 -0.7401241915785544
-0.4093739249655869 0.5335064859947453 0.7401241915785544
-0.4093739249655869 0.5335064859947453 -0.7401241915785544
-0.533506485994745 0.4093739249655873 0.7401241915785544
-0.533506485994745 0.4093739249655873 -0.7401241915785544
-0.6212814616645157 0.2573432074724226 0.7401241915785544
-0.6212814616645157 0.2573432074724226 -0.7401241915785544
-0.6667171324380097 0.08777497566977081 0.7401241915785544
-0.6667171324380097 0.08777497566977081 -0.7401241915785544
-0.6667171324380097 -0.08777497566977037 0.7401241915785544
-0.6667171324380097 -0.08777497566977037 -0.7401241915785544
-0.6212814616645158 -0.2573432074724222 0.7401241915785544
-0.6212814616645158 -0.2573432074724222 -0.7401241915785544
-0.5335064859947453 -0.4093739249655869 0.7401241915785544
-0.5335064859947453 -0.4093739249655869 -0.7401241915785544
-0.4093739249655873 -0.5335064859947449 0.7401241915785544
-0.4093739249655873 -0.5335064859947449 -0.7401241915785544
-0.2573432074724229 -0.6212814616645155 0.7401241915785544
-0.2573432074724229 -0.6212814616645155 -0.7401241915785544
-0.08777497566977116 -0.6667171324380096 0.7401241915785544
-0.08777497566977116 -0.6667171324380096 -0.7401241915785544
0.08777497566977033 -0.6667171324380097 0.7401241915785544
0.08777497566977033 -0.6667171324380097 -0.7401241915785544
0.2573432074724221 -0.6212814616645158 0.7401241915785544
0.2573432074724221 -0.6212814616645158 -0.7401241915785544
0.4093739249655867 -0.5335064859947455 0.7401241915785544
0.4093739249655867 -0.5335064859947455 -0.7401241915785544
0.5335064859947449 -0.4093739249655873 0.7401241915785544
0.5335064859947449 -0.4093739249655873 -0.7401241915785544
0.6212814616645155 -0.257343207472423 0.7401241915785544
0.6212814616645155 -0.257343207472423 -0.7401241915785544
0.6667171324380096 -0.08777497566977122 0.7401241915785544
0.6667171324380096 -0.08777497566977122 -0.7401241915785544
0.7567721130152663 0.08526773880784914 0.6480936519369755
0.7567721130152663 0.08526773880784914 -0.6480936519369755
0.7188243992635349 0.2515275359526519 0.6480936519369755
0.7188243992635349 0.2515275359526519 -0.6480936519369755
0.6448318285834371 0.405174692157266 0.6480936519369755
0.6448318285834371 0.405174692157266 -0.6480936519369755
0.5385046974349409 0.5385046974349409 0.6480936519369755
0.5385046974349409 0.5385046974349409 -0.6480936519369755
0.405174692157266 0.6448318285834371 0.6480936519369755
0.405174692157266 0.6448318285834371 -0.6480936519369755
0.251527535952652 0.7188243992635349 0.6480936519369755
0.251527535952652 0.7188243992635349 -0.6480936519369755
0.08526773880784919 0.7567721130152663 0.6480936519369755
0.08526773880784919 0.7567721130152663 -0.6480936519369755
-0.0852677388078491 0.7567721130152663 0.6480936519369755
-0.0852677388078491 0.7567721130152663 -0.6480936519369755
-0.2515275359526519 0.7188243992635349 0.6480936519369755
-0.2515275359526519 0.7188243992635349 -0.6480936519369755
-0.4051746921572659 0.6448318285834371 0.6480936519369755
-0.4051746921572659 0.6448318285834371 -0.6480936519369755
-0.5385046974349409 0.5385046974349409 0.6480936519369755
-0.5385046974349409 0.5385046974349409 -0.6480936519369755
-0.6448318285834371 0.4051746921572661 0.6480936519369755
-0.6448318285834371 0.4051746921572661 -0.6480936519369755
-0.7188243992635349 0.2515275359526521 0.6480936519369755
-0.7188243992635349 0.2515275359526521 -0.6480936519369755
-0.7567721130152663 0.08526773880784924 0.6480936519369755
-0.7567721130152663 0.08526773880784924 -0.6480936519369755
-0.7567721130152663 -0.08526773880784905 0.6480936519369755
-0.7567721130152663 -0.08526773880784905 -0.6480936519369755
-0.7188243992635349 -0.2515275359526519 0.6480936519369755
-0.7188243992635349 -0.2515275359526519 -0.6480936519369755
-0.6448318285834371 -0.4051746921572659 0.6480936519369755
-0.6448318285834371 -0.4051746921572659 -0.6480936519369755
-0.538504697434941 -0.5385046974349409 0.6480936519369755
-0.538504697434941 -0.5385046974349409 -0.6480936519369755
-0.4051746921572661 -0.6448318285834371 0.6480936519369755
-0.4051746921572661 -0.6448318285834371 -0.6480936519369755
-0.2515275359526521 -0.7188243992635348 0.6480936519369755
-0.2515275359526521 -0.7188243992635348 -0.6480936519369755
-0.08526773880784928 -0.7567721130152663 0.6480936519369755
-0.08526773880784928 -0.7567721130152663 -0.6480936519369755
0.08526773880784901 -0.7567721130152663 0.6480936519369755
0.08526773880784901 -0.7567721130152663 -0.6480936519369755
0.2515275359526518 -0.718824399263535 0.6480936519369755
0.2515275359526518 -0.718824399263535 -0.6480936519369755
0.4051746921572659 -0.6448318285834371 0.6480936519369755
0.4051746921572659 -0.6448318285834371 -0.6480936519369755
0.5385046974349408 -0.538504697434941 0.6480936519369755
0.5385046974349408 -0.538504697434941 -0.6480936519369755
0.644831828583437 -0.4051746921572662 0.6480936519369755
0.644831828583437 -0.4051746921572662 -0.6480936519369755
0.7188243992635348 -0.2515275359526521 0.6480936519369755
0.7188243992635348 -0.2515275359526521 -0.6480936519369755
0.7567721130152663 -0.08526773880784932 0.6480936519369755
0.7567721130152663 -0.08526773880784932 -0.6480936519369755
0.8341259498170102 0.08215423537410489 0.5454214713888397
0.8341259498170102 0.08215423537410489 -0.5454214713888397
0.8020709573487642 0.2433055649295138 0.5454214713888397
0.8020709573487642 0.2433055649295138 -0.5454214713888397
0.7391928277961805 0.3951067980720143 0.5454214713888397
0.7391928277961805 0.3951067980720143 -0.5454214713888397
0.647907932415503 0.5317242985430524 0.5454214713888397
0.647907932415503 0.5317242985430524 -0.5454214713888397
0.5317242985430524 0.647907932415503 0.5454214713888397
0.5317242985430524 0.647907932415503 -0.5454214713888397
0.3951067980720144 0.7391928277961803 0.5454214713888397
0.3951067980720144 0.7391928277961803 -0.5454214713888397
0.2433055649295138 0.8020709573487642 0.5454214713888397
0.2433055649295138 0.8020709573487642 -0.5454214713888397
0.08215423537410503 0.83412594981701 0.5454214713888397
0.08215423537410503 0.83412594981701 -0.5454214713888397
-0.08215423537410493 0.8341259498170102 0.5454214713888397
-0.08215423537410493 0.8341259498170102 -0.5454214713888397
-0.2433055649295136 0.8020709573487643 0.5454214713888397
-0.2433055649295136 0.8020709573487643 -0.5454214713888397
-0.3951067980720144 0.7391928277961805 0.5454214713888397
-0.3951067980720144 0.7391928277961805 -0.5454214713888397
-0.5317242985430523 0.6479079324155032 0.5454214713888397
-0.5317242985430523 0.6479079324155032 -0.5454214713888397
-0.647907932415503 0.5317242985430524 0.5454214713888397
-0.647907932415503 0.5317242985430524 -0.5454214713888397
-0.7391928277961803 0.3951067980720145 0.5454214713888397
-0.7391928277961803 0.3951067980720145 -0.5454214713888397
-0.8020709573487642 0.2433055649295138 0.5454214713888397
-0.8020709573487642 0.2433055649295138 -0.5454214713888397
-0.83412594981701 0.08215423537410509 0.5454214713888397
-0.83412594981701 0.08215423537410509 -0.5454214713888397
-0.8341259498170102 -0.08215423537410488 0.5454214713888397
-0.8341259498170102 -0.08215423537410488 -0.5454214713888397
-0.8020709573487643 -0.2433055649295136 0.5454214713888397
-0.8020709573487643 -0.2433055649295136 -0.5454214713888397
-0.7391928277961805 -0.3951067980720143 0.5454214713888397
-0.7391928277961805 -0.3951067980720143 -0.5454214713888397
-0.6479079324155032 -0.5317242985430521 0.5454214713888397
-0.6479079324155032 -0.5317242985430521 -0.5454214713888397
-0.5317242985430527 -0.6479079324155027 0.5454214713888397
-0.5317242985430527 -0.6479079324155027 -0.5454214713888397
-0.3951067980720145 -0.7391928277961803 0.5454214713888397
-0.3951067980720145 -0.7391928277961803 -0.5454214713888397
-0.2433055649295139 -0.8020709573487642 0.5454214713888397
-0.2433055649295139 -0.8020709573487642 -0.5454214713888397
-0.08215423537410477 -0.8341259498170102 0.5454214713888397
-0.08215423537410477 -0.8341259498170102 -0.5454214713888397
0.08215423537410446 -0.8341259498170102 0.5454214713888397
0.08215423537410446 -0.8341259498170102 -0.5454214713888397
0.2433055649295136 -0.8020709573487643 0.5454214713888397
0.2433055649295136 -0.8020709573487643 -0.5454214713888397
0.3951067980720143 -0.7391928277961805 0.5454214713888397
0.3951067980720143 -0.7391928277961805 -0.5454214713888397
0.5317242985430525 -0.6479079324155029 0.5454214713888397
0.5317242985430525 -0.6479079324155029 -0.5454214713888397
0.6479079324155027 -0.5317242985430528 0.5454214713888397
0.6479079324155027 -0.5317242985430528 -0.5454214713888397
0.7391928277961802 -0.3951067980720146 0.5454214713888397
0.7391928277961802 -0.3951067980720146 -0.5454214713888397
0.8020709573487642 -0.2433055649295139 0.5454214713888397
0.8020709573487642 -0.2433055649295139 -0.5454214713888397
0.8341259498170102 -0.08215423537410481 0.5454214713888397
0.8341259498170102 -0.08215423537410481 -0.5454214713888397
0.8975836916489842 0.0785283975850347 0.4337935076260453
0.8975836916489842 0.0785283975850347 -0.4337935076260453
0.8703110653774934 0.2331991471317694 0.4337935076260453
0.8703110653774934 0.2331991471317694 -0.4337935076260453
0.816594477783156 0.3807842585973675 0.4337935076260453
0.816594477783156 0.3807842585973675 -0.4337935076260453
0.7380660801981213 0.5167994330516167 0.4337935076260453
0.7380660801981213 0.5167994330516167 -0.4337935076260453
0.637111918245724 0.6371119182457239 0.4337935076260453
0.637111918245724 0.6371119182457239 -0.4337935076260453
0.5167994330516167 0.7380660801981213 0.4337935076260453
0.5167994330516167 0.7380660801981213 -0.4337935076260453
0.3807842585973675 0.816594477783156 0.4337935076260453
0.3807842585973675 0.816594477783156 -0.4337935076260453
0.2331991471317694 0.8703110653774934 0.4337935076260453
0.2331991471317694 0.8703110653774934 -0.4337935076260453
0.07852839758503488 0.8975836916489842 0.4337935076260453
0.07852839758503488 0.8975836916489842 -0.4337935076260453
-0.07852839758503456 0.8975836916489842 0.4337935076260453
-0.07852839758503456 0.8975836916489842 -0.4337935076260453
-0.2331991471317693 0.8703110653774934 0.4337935076260453
-0.2331991471317693 0.8703110653774934 -0.4337935076260453
-0.3807842585973674 0.8165944777831561 0.4337935076260453
-0.3807842585973674 0.8165944777831561 -0.4337935076260453
-0.5167994330516165 0.7380660801981215 0.4337935076260453
-0.5167994330516165 0.7380660801981215 -0.4337935076260453
-0.6371119182457239 0.637111918245724 0.4337935076260453
-0.6371119182457239 0.637111918245724 -0.4337935076260453
-0.7380660801981213 0.516799433051617 0.4337935076260453
-0.7380660801981213 0.516799433051617 -0.4337935076260453
-0.816594477783156 0.3807842585973676 0.4337935076260453
-0.816594477783156 0.3807842585973676 -0.4337935076260453
-0.8703110653774933 0.2331991471317696 0.4337935076260453
-0.8703110653774933 0.2331991471317696 -0.4337935076260453
-0.8975836916489842 0.07852839758503473 0.4337935076260453
-0.8975836916489842 0.07852839758503473 -0.4337935076260453
-0.8975836916489842 -0.07852839758503451 0.4337935076260453
-0.8975836916489842 -0.07852839758503451 -0.4337935076260453
-0.8703110653774934 -0.2331991471317694 0.4337935076260453
-0.8703110653774934 -0.2331991471317694 -0.4337935076260453
-0.8165944777831561 -0.3807842585973674 0.4337935076260453
-0.8165944777831561 -0.3807842585973674 -0.4337935076260453
-0.7380660801981215 -0.5167994330516165 0.4337935076260453
-0.7380660801981215 -0.5167994330516165 -0.4337935076260453
-0.6371119182457241 -0.6371119182457239 0.4337935076260453
-0.6371119182457241 -0.6371119182457239 -0.4337935076260453
-0.516799433051617 -0.7380660801981211 0.4337935076260453
-0.516799433051617 -0.7380660801981211 -0.4337935076260453
-0.380784258597368 -0.8165944777831557 0.4337935076260453
-0.380784258597368 -0.8165944777831557 -0.4337935076260453
-0.2331991471317693 -0.8703110653774934 0.4337935076260453
-0.2331991471317693 -0.8703110653774934 -0.4337935076260453
-0.07852839758503477 -0.8975836916489842 0.4337935076260453
-0.07852839758503477 -0.8975836916489842 -0.4337935076260453
0.07852839758503445 -0.8975836916489842 0.4337935076260453
0.07852839758503445 -0.8975836916489842 -0.4337935076260453
0.233199147131769 -0.8703110653774935 0.4337935076260453
0.233199147131769 -0.8703110653774935 -0.4337935076260453
0.380784258597367 -0.8165944777831563 0.4337935076260453
0.380784258597367 -0.8165944777831563 -0.4337935076260453
0.5167994330516167 -0.7380660801981213 0.4337935076260453
0.5167994330516167 -0.7380660801981213 -0.4337935076260453
0.6371119182457238 -0.6371119182457241 0.4337935076260453
0.6371119182457238 -0.6371119182457241 -0.4337935076260453
0.7380660801981211 -0.5167994330516171 0.4337935076260453
0.7380660801981211 -0.5167994330516171 -0.4337935076260453
0.8165944777831557 -0.380784258597368 0.4337935076260453
0.8165944777831557 -0.380784258597368 -0.4337935076260453
0.8703110653774934 -0.2331991471317693 0.4337935076260453
0.8703110653774934 -0.2331991471317693 -0.4337935076260453
0.8975836916489842 -0.07852839758503484 0.4337935076260453
0.8975836916489842 -0.07852839758503484 -0.4337935076260453
0.9461518155138209 0.07446376279614922 0.3150426796961634
0.9461518155138209 0.07446376279614922 -0.3150426796961634
0.9228544177180243 0.2215577434173464 0.3150426796961634
0.9228544177180243 0.2215577434173464 -0.3150426796961634
0.8768332813797943 0.3631962370876151 0.3150426796961634
0.8768332813797943 0.3631962370876151 -0.3150426796961634
0.8092215996111727 0.495891634021583 0.3150426796961634
0.8092215996111727 0.495891634021583 -0.3150426796961634
0.7216841964076097 0.6163765331559624 0.3150426796961634
0.7216841964076097 0.6163765331559624 -0.3150426796961634
0.6163765331559624 0.7216841964076097 0.3150426796961634
0.6163765331559624 0.7216841964076097 -0.3150426796961634
0.4958916340215831 0.8092215996111726 0.3150426796961634
0.4958916340215831 0.8092215996111726 -0.3150426796961634
0.3631962370876151 0.8768332813797943 0.3150426796961634
0.3631962370876151 0.8768332813797943 -0.3150426796961634
0.2215577434173464 0.9228544177180243 0.3150426796961634
0.2215577434173464 0.9228544177180243 -0.3150426796961634
0.07446376279614926 0.9461518155138209 0.3150426796961634
0.07446376279614926 0.9461518155138209 -0.3150426796961634
-0.07446376279614915 0.9461518155138209 0.3150426796961634
-0.07446376279614915 0.9461518155138209 -0.3150426796961634
-0.2215577434173463 0.9228544177180245 0.3150426796961634
-0.2215577434173463 0.9228544177180245 -0.3150426796961634
-0.363196237087615 0.8768332813797943 0.3150426796961634
-0.363196237087615 0.8768332813797943 -0.3150426796961634
-0.495891634021583 0.8092215996111727 0.3150426796961634
-0.495891634021583 0.8092215996111727 -0.3150426796961634
-0.6163765331559623 0.7216841964076098 0.3150426796961634
-0.6163765331559623 0.7216841964076098 -0.3150426796961634
-0.7216841964076096 0.6163765331559625 0.3150426796961634
-0.7216841964076096 0.6163765331559625 -0.3150426796961634
-0.8092215996111726 0.4958916340215831 0.3150426796961634
-0.8092215996111726 0.4958916340215831 -0.3150426796961634
-0.8768332813797943 0.3631962370876152 0.3150426796961634
-0.8768332813797943 0.3631962370876152 -0.3150426796961634
-0.9228544177180243 0.2215577434173465 0.3150426796961634
-0.9228544177180243 0.2215577434173465 -0.3150426796961634
-0.9461518155138209 0.07446376279614933 0.3150426796961634
-0.9461518155138209 0.07446376279614933 -0.3150426796961634
-0.9461518155138209 -0.07446376279614909 0.3150426796961634
-0.9461518155138209 -0.07446376279614909 -0.3150426796961634
-0.9228544177180245 -0.2215577434173462 0.3150426796961634
-0.9228544177180245 -0.2215577434173462 -0.3150426796961634
-0.8768332813797944 -0.3631962370876149 0.3150426796961634
-0.8768332813797944 -0.3631962370876149 -0.3150426796961634
-0.8092215996111727 -0.495891634021583 0.3150426796961634
-0.8092215996111727 -0.495891634021583 -0.3150426796961634
-0.7216841964076098 -0.6163765331559623 0.3150426796961634
-0.7216841964076098 -0.6163765331559623 -0.3150426796961634
-0.6163765331559629 -0.7216841964076094 0.3150426796961634
-0.6163765331559629 -0.7216841964076094 -0.3150426796961634
-0.4958916340215828 -0.8092215996111728 0.3150426796961634
-0.4958916340215828 -0.8092215996111728 -0.3150426796961634
-0.3631962370876156 -0.8768332813797941 0.3150426796961634
-0.3631962370876156 -0.8768332813797941 -0.3150426796961634
-0.2215577434173461 -0.9228544177180245 0.3150426796961634
-0.2215577434173461 -0.9228544177180245 -0.3150426796961634
-0.0744637627961498 -0.9461518155138209 0.3150426796961634
-0.0744637627961498 -0.9461518155138209 -0.3150426796961634
0.07446376279614947 -0.9461518155138209 0.3150426796961634
0.07446376279614947 -0.9461518155138209 -0.3150426796961634
0.2215577434173458 -0.9228544177180246 0.3150426796961634
0.2215577434173458 -0.9228544177180246 -0.3150426796961634
0.3631962370876153 -0.8768332813797942 0.3150426796961634
0.3631962370876153 -0.8768332813797942 -0.3150426796961634
0.4958916340215826 -0.8092215996111729 0.3150426796961634
0.4958916340215826 -0.8092215996111729 -0.3150426796961634
0.6163765331559626 -0.7216841964076096 0.3150426796961634
0.6163765331559626 -0.7216841964076096 -0.3150426796961634
0.7216841964076093 -0.616376533155963 0.3150426796961634
0.7216841964076093 -0.616376533155963 -0.3150426796961634
0.8092215996111727 -0.4958916340215829 0.3150426796961634
0.8092215996111727 -0.4958916340215829 -0.3150426796961634
0.8768332813797941 -0.3631962370876156 0.3150426796961634
0.8768332813797941 -0.3631962370876156 -0.3150426796961634
0.9228544177180245 -0.2215577434173462 0.3150426796961634
0.9228544177180245 -0.2215577434173462 -0.3150426796961634
0.9461518155138209 -0.07446376279614986 0.3150426796961634
0.9461518155138209 -0.07446376279614986 -0.3150426796961634
0.9790659796909249 0.07002418087669147 0.1911188674736164
0.9790659796909249 0.07002418087669147 -0.1911188674736164
0.9591350197375537 0.2086470522404874 0.1911188674736164
0.9591350197375537 0.2086470522404874 -0.1911188674736164
0.9196788366993196 0.3430224713090797 0.1911188674736164
0.9196788366993196 0.3430224713090797 -0.1911188674736164
0.8615006446806452 0.4704149420569408 0.1911188674736164
0.8615006446806452 0.4704149420569408 -0.1911188674736164
0.785784783898979 0.5882311211491934 0.1911188674736164
0.785784783898979 0.5882311211491934 -0.1911188674736164
0.6940726109333238 0.6940726109333237 0.1911188674736164
0.6940726109333238 0.6940726109333237 -0.1911188674736164
0.5882311211491935 0.785784783898979 0.1911188674736164
0.5882311211491935 0.785784783898979 -0.1911188674736164
0.4704149420569408 0.8615006446806452 0.1911188674736164
0.4704149420569408 0.8615006446806452 -0.1911188674736164
0.3430224713090798 0.9196788366993196 0.1911188674736164
0.3430224713090798 0.9196788366993196 -0.1911188674736164
0.2086470522404874 0.9591350197375537 0.1911188674736164
0.2086470522404874 0.9591350197375537 -0.1911188674736164
0.07002418087669149 0.9790659796909249 0.1911188674736164
0.07002418087669149 0.9790659796909249 -0.1911188674736164
-0.07002418087669138 0.9790659796909249 0.1911188674736164
-0.07002418087669138 0.9790659796909249 -0.1911188674736164
-0.2086470522404875 0.9591350197375537 0.1911188674736164
-0.2086470522404875 0.9591350197375537 -0.1911188674736164
-0.3430224713090796 0.9196788366993196 0.1911188674736164
-0.3430224713090796 0.9196788366993196 -0.1911188674736164
-0.4704149420569409 0.8615006446806451 0.1911188674736164
-0.4704149420569409 0.8615006446806451 -0.1911188674736164
-0.5882311211491935 0.785784783898979 0.1911188674736164
-0.5882311211491935 0.785784783898979 -0.1911188674736164
-0.6940726109333237 0.6940726109333238 0.1911188674736164
-0.6940726109333237 0.6940726109333238 -0.1911188674736164
-0.7857847838989789 0.5882311211491936 0.1911188674736164
-0.7857847838989789 0.5882311211491936 -0.1911188674736164
-0.8615006446806451 0.4704149420569411 0.1911188674736164
-0.8615006446806451 0.4704149420569411 -0.1911188674736164
-0.9196788366993197 0.3430224713090796 0.1911188674736164
-0.9196788366993197 0.3430224713090796 -0.1911188674736164
-0.9591350197375537 0.2086470522404874 0.1911188674736164
-0.9591350197375537 0.2086470522404874 -0.1911188674736164
-0.9790659796909249 0.07002418087669154 0.1911188674736164
-0.9790659796909249 0.07002418087669154 -0.1911188674736164
-0.9790659796909249 -0.07002418087669131 0.1911188674736164
-0.9790659796909249 -0.07002418087669131 -0.1911188674736164
-0.9591350197375538 -0.2086470522404872 0.1911188674736164
-0.9591350197375538 -0.2086470522404872 -0.1911188674736164
-0.9196788366993196 -0.3430224713090798 0.1911188674736164
-0.9196788366993196 -0.3430224713090798 -0.1911188674736164
-0.8615006446806452 -0.4704149420569408 0.1911188674736164
-0.8615006446806452 -0.4704149420569408 -0.1911188674736164
-0.785784783898979 -0.5882311211491934 0.1911188674736164
-0.785784783898979 -0.5882311211491934 -0.1911188674736164
-0.694072610933324 -0.6940726109333237 0.1911188674736164
-0.694072610933324 -0.6940726109333237 -0.1911188674736164
-0.5882311211491936 -0.7857847838989789 0.1911188674736164
-0.5882311211491936 -0.7857847838989789 -0.1911188674736164
-0.4704149420569411 -0.861500644680645 0.1911188674736164
-0.4704149420569411 -0.861500644680645 -0.1911188674736164
-0.34302247130908 -0.9196788366993195 0.1911188674736164
-0.34302247130908 -0.9196788366993195 -0.1911188674736164
-0.2086470522404879 -0.9591350197375536 0.1911188674736164
-0.2086470522404879 -0.9591350197375536 -0.1911188674736164
-0.07002418087669117 -0.9790659796909249 0.1911188674736164
-0.07002418087669117 -0.9790659796909249 -0.1911188674736164
0.07002418087669168 -0.9790659796909249 0.1911188674736164
0.07002418087669168 -0.9790659796909249 -0.1911188674736164
0.2086470522404876 -0.9591350197375537 0.1911188674736164
0.2086470522404876 -0.9591350197375537 -0.1911188674736164
0.3430224713090797 -0.9196788366993196 0.1911188674736164
0.3430224713090797 -0.9196788366993196 -0.1911188674736164
0.4704149420569408 -0.8615006446806452 0.1911188674736164
0.4704149420569408 -0.8615006446806452 -0.1911188674736164
0.5882311211491934 -0.7857847838989791 0.1911188674736164
0.5882311211491934 -0.7857847838989791 -0.1911188674736164
0.6940726109333236 -0.694072610933324 0.1911188674736164
0.6940726109333236 -0.694072610933324 -0.1911188674736164
0.7857847838989788 -0.5882311211491937 0.1911188674736164
0.7857847838989788 -0.5882311211491937 -0.1911188674736164
0.861500644680645 -0.4704149420569412 0.1911188674736164
0.861500644680645 -0.4704149420569412 -0.1911188674736164
0.9196788366993195 -0.3430224713090801 0.1911188674736164
0.9196788366993195 -0.3430224713090801 -0.1911188674736164
0.9591350197375536 -0.208647052240488 0.1911188674736164
0.9591350197375536 -0.208647052240488 -0.1911188674736164
0.9790659796909249 -0.07002418087669124 0.1911188674736164
0.9790659796909249 -0.07002418087669124 -0.1911188674736164
0.9958095687690145 0.06526880744167031 0.06405689286260552
0.9958095687690145 0.06526880744167031 -0.06405689286260552
0.9787709909568045 0.1946896549337518 0.06405689286260552
0.9787709909568045 0.1946896549337518 -0.06405689286260552
0.9449853701227378 0.3207793084517468 0.06405689286260552
0.9449853701227378 0.3207793084517468 -0.06405689286260552
0.8950307876064287 0.4413803390653059 0.06405689286260552
0.8950307876064287 0.4413803390653059 -0.06405689286260552
0.8297619801647584 0.5544292297037086 0.06405689286260552
0.8297619801647584 0.5544292297037086 -0.06405689286260552
0.750295715188986 0.6579916825050577 0.06405689286260552
0.750295715188986 0.6579916825050577 -0.06405689286260552
0.6579916825050578 0.7502957151889859 0.06405689286260552
0.6579916825050578 0.7502957151889859 -0.06405689286260552
0.5544292297037088 0.8297619801647583 0.06405689286260552
0.5544292297037088 0.8297619801647583 -0.06405689286260552
0.4413803390653062 0.8950307876064286 0.06405689286260552
0.4413803390653062 0.8950307876064286 -0.06405689286260552
0.320779308451747 0.9449853701227376 0.06405689286260552
0.320779308451747 0.9449853701227376 -0.06405689286260552
0.1946896549337519 0.9787709909568045 0.06405689286260552
0.1946896549337519 0.9787709909568045 -0.06405689286260552
0.06526880744167052 0.9958095687690145 0.06405689286260552
0.06526880744167052 0.9958095687690145 -0.06405689286260552
-0.06526880744167017 0.9958095687690145 0.06405689286260552
-0.06526880744167017 0.9958095687690145 -0.06405689286260552
-0.1946896549337515 0.9787709909568046 0.06405689286260552
-0.1946896549337515 0.9787709909568046 -0.06405689286260552
-0.3207793084517466 0.9449853701227378 0.06405689286260552
-0.3207793084517466 0.9449853701227378 -0.06405689286260552
-0.4413803390653058 0.8950307876064287 0.06405689286260552
-0.4413803390653058 0.8950307876064287 -0.06405689286260552
-0.5544292297037083 0.8297619801647586 0.06405689286260552
-0.5544292297037083 0.8297619801647586 -0.06405689286260552
-0.6579916825050574 0.7502957151889862 0.06405689286260552
-0.6579916825050574 0.7502957151889862 -0.06405689286260552
-0.7502957151889857 0.6579916825050578 0.06405689286260552
-0.7502957151889857 0.6579916825050578 -0.06405689286260552
-0.8297619801647582 0.5544292297037089 0.06405689286260552
-0.8297619801647582 0.5544292297037089 -0.06405689286260552
-0.8950307876064285 0.4413803390653064 0.06405689286260552
-0.8950307876064285 0.4413803390653064 -0.06405689286260552
-0.9449853701227376 0.320779308451747 0.06405689286260552
-0.9449853701227376 0.320779308451747 -0.06405689286260552
-0.9787709909568045 0.1946896549337522 0.06405689286260552
-0.9787709909568045 0.1946896549337522 -0.06405689286260552
-0.9958095687690145 0.06526880744167081 0.06405689286260552
-0.9958095687690145 0.06526880744167081 -0.06405689286260552
-0.9958095687690145 -0.06526880744167012 0.06405689286260552
-0.9958095687690145 -0.06526880744167012 -0.06405689286260552
-0.9787709909568046 -0.1946896549337515 0.06405689286260552
-0.9787709909568046 -0.1946896549337515 -0.06405689286260552
-0.9449853701227379 -0.3207793084517463 0.06405689286260552
-0.9449853701227379 -0.3207793084517463 -0.06405689286260552
-0.8950307876064287 -0.4413803390653058 0.06405689286260552
-0.8950307876064287 -0.4413803390653058 -0.06405689286260552
-0.8297619801647587 -0.5544292297037083 0.06405689286260552
-0.8297619801647587 -0.5544292297037083 -0.06405689286260552
-0.7502957151889862 -0.6579916825050574 0.06405689286260552
-0.7502957151889862 -0.6579916825050574 -0.06405689286260552
-0.6579916825050579 -0.7502957151889857 0.06405689286260552
-0.6579916825050579 -0.7502957151889857 -0.06405689286260552
-0.5544292297037093 -0.829761980164758 0.06405689286260552
-0.5544292297037093 -0.829761980164758 -0.06405689286260552
-0.441380339065306 -0.8950307876064286 0.06405689286260552
-0.441380339065306 -0.8950307876064286 -0.06405689286260552
-0.3207793084517471 -0.9449853701227376 0.06405689286260552
-0.3207793084517471 -0.9449853701227376 -0.06405689286260552
-0.1946896549337522 -0.9787709909568044 0.06405689286260552
-0.1946896549337522 -0.9787709909568044 -0.06405689286260552
-0.06526880744167086 -0.9958095687690145 0.06405689286260552
-0.06526880744167086 -0.9958095687690145 -0.06405689286260552
0.06526880744166963 -0.9958095687690146 0.06405689286260552
0.06526880744166963 -0.9958095687690146 -0.06405689286260552
0.194689654933751 -0.9787709909568048 0.06405689286260552
0.194689654933751 -0.9787709909568048 -0.06405689286260552
0.3207793084517467 -0.9449853701227378 0.06405689286260552
0.3207793084517467 -0.9449853701227378 -0.06405689286260552
0.4413803390653057 -0.8950307876064288 0.06405689286260552
0.4413803390653057 -0.8950307876064288 -0.06405689286260552
0.5544292297037082 -0.8297619801647587 0.06405689286260552
0.5544292297037082 -0.8297619801647587 -0.06405689286260552
0.6579916825050572 -0.7502957151889863 0.06405689286260552
0.6579916825050572 -0.7502957151889863 -0.06405689286260552
0.7502957151889854 -0.6579916825050582 0.06405689286260552
0.7502957151889854 -0.6579916825050582 -0.06405689286260552
0.829761980164758 -0.5544292297037093 0.06405689286260552
0.829761980164758 -0.5544292297037093 -0.06405689286260552
0.8950307876064282 -0.4413803390653069 0.06405689286260552
0.8950307876064282 -0.4413803390653069 -0.06405689286260552
0.9449853701227376 -0.3207793084517471 0.06405689286260552
0.9449853701227376 -0.3207793084517471 -0.06405689286260552
0.9787709909568044 -0.1946896549337523 0.06405689286260552
0.9787709909568044 -0.1946896549337523 -0.06405689286260552
0.9958095687690145 -0.06526880744167092 0.06405689286260552
0.9958095687690145 -0.06526880744167092 -0.06405689286260552

Weights: 
0.0193855584379516
0.0193855584379516
0.0193855584379516
0.0193855584379516
0.0193855584379516
0.0193855584379516
0.0193855584379516
0.0193855584379516
0.0224085002283433
0.0224085002283433
0.0224085002283433
0.0224085002283433
0.0224085002283433
0.0224085002283433
0.0224085002283433
0.0224085002283433
0.0224085002283433
0.0224085002283433
0.0224085002283433
0.0224085002283433
0.0224085002283433
0.0224085002283433
0.0224085002283433
0.0224085002283433
0.02318361275142961
0.02318361275142961
0.02318361275142961
0.02318361275142961
0.02318361275142961
0.02318361275142961
0.02318361275142961
0.02318361275142961
0.02318361275142961
0.02318361275142961
0.02318361275142961
0.02318361275142961
0.02318361275142961
0.02318361275142961
0.02318361275142961
0.02318361275142961
0.02318361275142961
0.02318361275142961
0.02318361275142961
0.02318361275142961
0.02318361275142961
0.02318361275142961
0.02318361275142961
0.02318361275142961
0.02328649984232585
0.02328649984232585
0.02328649984232585
0.02328649984232585
0.02328649984232585
0.02328649984232585
0.02328649984232585
0.02328649984232585
0.02328649984232585
0.02328649984232585
0.02328649984232585
0.02328649984232585
0.02328649984232585
0.02328649984232585
0.02328649984232585
0.02328649984232585
0.02328649984232585
0.02328649984232585
0.02328649984232585
0.02328649984232585
0.02328649984232585
0.02328649984232585
0.02328649984232585
0.02328649984232585
0.02328649984232585
0.02328649984232585
0.02328649984232585
0.02328649984232585
0.02328649984232585
0.02328649984232585
0.02328649984232585
0.02328649984232585
0.02304247671677102
0.02304247671677102
0.02304247671677102
0.02304247671677102
0.02304247671677102
0.02304247671677102
0.02304247671677102
0.02304247671677102
0.02304247671677102
0.02304247671677102
0.02304247671677102
0.02304247671677102
0.02304247671677102
0.02304247671677102
0.02304247671677102
0.02304247671677102
0.02304247671677102
0.02304247671677102
0.02304247671677102
0.02304247671677102
0.02304247671677102
0.02304247671677102
0.02304247671677102
0.02304247671677102
0.02304247671677102
0.02304247671677102
0.02304247671677102
0.02304247671677102
0.02304247671677102
0.02304247671677102
0.02304247671677102
0.02304247671677102
0.02304247671677102
0.02304247671677102
0.02304247671677102
0.02304247671677102
0.02304247671677102
0.02304247671677102
0.02304247671677102
0.02304247671677102
0.02256453152337518
0.02256453152337518
0.02256453152337518
0.02256453152337518
0.02256453152337518
0.02256453152337518
0.02256453152337518
0.02256453152337518
0.02256453152337518
0.02256453152337518
0.02256453152337518
0.02256453152337518
0.02256453152337518
0.02256453152337518
0.02256453152337518
0.02256453152337518
0.02256453152337518
0.02256453152337518
0.02256453152337518
0.02256453152337518
0.02256453152337518
0.02256453152337518
0.02256453152337518
0.02256453152337518
0.02256453152337518
0.02256453152337518
0.02256453152337518
0.02256453152337518
0.02256453152337518
0.02256453152337518
0.02256453152337518
0.02256453152337518
0.02256453152337518
0.02256453152337518
0.02256453152337518
0.02256453152337518
0.02256453152337518
0.02256453152337518
0.02256453152337518
0.02256453152337518
0.02256453152337518
0.02256453152337518
0.02256453152337518
0.02256453152337518
0.02256453152337518
0.02256453152337518
0.02256453152337518
0.02256453152337518
0.02190557430740157
0.02190557430740157
0.02190557430740157
0.02190557430740157
0.02190557430740157
0.02190557430740157
0.02190557430740157
0.02190557430740157
0.02190557430740157
0.02190557430740157
0.02190557430740157
0.02190557430740157
0.02190557430740157
0.02190557430740157
0.02190557430740157
0.02190557430740157
0.02190557430740157
0.02190557430740157
0.02190557430740157
0.02190557430740157
0.02190557430740157
0.02190557430740157
0.02190557430740157
0.02190557430740157
0.02190557430740157
0.02190557430740157
0.02190557430740157
0.02190557430740157
0.02190557430740157
0.02190557430740157
0.02190557430740157
0.02190557430740157
0.02190557430740157
0.02190557430740157
0.02190557430740157
0.02190557430740157
0.02190557430740157
0.02190557430740157
0.02190557430740157
0.02190557430740157
0.02190557430740157
0.02190557430740157
0.02190557430740157
0.02190557430740157
0.02190557430740157
0.02190557430740157
0.02190557430740157
0.02190557430740157
0.02190557430740157
0.02190557430740157
0.02190557430740157
0.02190557430740157
0.02190557430740157
0.02190557430740157
0.02190557430740157
0.02190557430740157
0.02109663310416469
0.02109663310416469
0.02109663310416469
0.02109663310416469
0.02109663310416469
0.02109663310416469
0.02109663310416469
0.02109663310416469
0.02109663310416469
0.02109663310416469
0.02109663310416469
0.02109663310416469
0.02109663310416469
0.02109663310416469
0.02109663310416469
0.02109663310416469
0.02109663310416469
0.02109663310416469
0.02109663310416469
0.02109663310416469
0.02109663310416469
0.02109663310416469
0.02109663310416469
0.02109663310416469
0.02109663310416469
0.02109663310416469
0.02109663310416469
0.02109663310416469
0.02109663310416469
0.02109663310416469
0.02109663310416469
0.02109663310416469
0.02109663310416469
0.02109663310416469
0.02109663310416469
0.02109663310416469
0.02109663310416469
0.02109663310416469
0.02109663310416469
0.02109663310416469
0.02109663310416469
0.02109663310416469
0.02109663310416469
0.02109663310416469
0.02109663310416469
0.02109663310416469
0.02109663310416469
0.02109663310416469
0.02109663310416469
0.02109663310416469
0.02109663310416469
0.02109663310416469
0.02109663310416469
0.02109663310416469
0.02109663310416469
0.02109663310416469
0.02109663310416469
0.02109663310416469
0.02109663310416469
0.02109663310416469
0.02109663310416469
0.02109663310416469
0.02109663310416469
0.02109663310416469
0.02015954212253142
0.02015954212253142
0.02015954212253142
0.02015954212253142
0.02015954212253142
0.02015954212253142
0.02015954212253142
0.02015954212253142
0.02015954212253142
0.02015954212253142
0.02015954212253142
0.02015954212253142
0.02015954212253142
0.02015954212253142
0.02015954212253142
0.02015954212253142
0.02015954212253142
0.02015954212253142
0.02015954212253142
0.02015954212253142
0.02015954212253142
0.02015954212253142
0.02015954212253142
0.02015954212253142
0.02015954212253142
0.02015954212253142
0.02015954212253142
0.02015954212253142
0.02015954212253142
0.02015954212253142
0.02015954212253142
0.02015954212253142
0.02015954212253142
0.02015954212253142
0.02015954212253142
0.02015954212253142
0.02015954212253142
0.02015954212253142
0.02015954212253142
0.02015954212253142
0.02015954212253142
0.02015954212253142
0.02015954212253142
0.02015954212253142
0.02015954212253142
0.02015954212253142
0.02015954212253142
0.02015954212253142
0.02015954212253142
0.02015954212253142
0.02015954212253142
0.02015954212253142
0.02015954212253142
0.02015954212253142
0.02015954212253142
0.02015954212253142
0.02015954212253142
0.02015954212253142
0.02015954212253142
0.02015954212253142
0.02015954212253142
0.02015954212253142
0.02015954212253142
0.02015954212253142
0.02015954212253142
0.02015954212253142
0.02015954212253142
0.02015954212253142
0.02015954212253142
0.02015954212253142
0.02015954212253142
0.02015954212253142
0.01911195319543913
0.01911195319543913
0.01911195319543913
0.01911195319543913
0.01911195319543913
0.01911195319543913
0.01911195319543913
0.01911195319543913
0.01911195319543913
0.01911195319543913
0.01911195319543913
0.01911195319543913
0.01911195319543913
0.01911195319543913
0.01911195319543913
0.01911195319543913
0.01911195319543913
0.01911195319543913
0.01911195319543913
0.01911195319543913
0.01911195319543913
0.01911195319543913
0.01911195319543913
0.01911195319543913
0.01911195319543913
0.01911195319543913
0.01911195319543913
0.01911195319543913
0.01911195319543913
0.01911195319543913
0.01911195319543913
0.01911195319543913
0.01911195319543913
0.01911195319543913
0.01911195319543913
0.01911195319543913
0.01911195319543913
0.01911195319543913
0.01911195319543913
0.01911195319543913
0.01911195319543913
0.01911195319543913
0.01911195319543913
0.01911195319543913
0.01911195319543913
0.01911195319543913
0.01911195319543913
0.01911195319543913
0.01911195319543913
0.01911195319543913
0.01911195319543913
0.01911195319543913
0.01911195319543913
0.01911195319543913
0.01911195319543913
0.01911195319543913
0.01911195319543913
0.01911195319543913
0.01911195319543913
0.01911195319543913
0.01911195319543913
0.01911195319543913
0.01911195319543913
0.01911195319543913
0.01911195319543913
0.01911195319543913
0.01911195319543913
0.01911195319543913
0.01911195319543913
0.01911195319543913
0.01911195319543913
0.01911195319543913
0.01911195319543913
0.01911195319543913
0.01911195319543913
0.01911195319543913
0.01911195319543913
0.01911195319543913
0.01911195319543913
0.01911195319543913
0.0179695467457101
0.0179695467457101
0.0179695467457101
0.0179695467457101
0.0179695467457101
0.0179695467457101
0.0179695467457101
0.0179695467457101
0.0179695467457101
0.0179695467457101
0.0179695467457101
0.0179695467457101
0.0179695467457101
0.0179695467457101
0.0179695467457101
0.0179695467457101
0.0179695467457101
0.0179695467457101
0.0179695467457101
0.0179695467457101
0.0179695467457101
0.0179695467457101
0.0179695467457101
0.0179695467457101
0.0179695467457101
0.0179695467457101
0.0179695467457101
0.0179695467457101
0.0179695467457101
0.0179695467457101
0.0179695467457101
0.0179695467457101
0.0179695467457101
0.0179695467457101
0.0179695467457101
0.0179695467457101
0.0179695467457101
0.0179695467457101
0.0179695467457101
0.0179695467457101
0.0179695467457101
0.0179695467457101
0.0179695467457101
0.0179695467457101
0.0179695467457101
0.0179695467457101
0.0179695467457101
0.0179695467457101
0.0179695467457101
0.0179695467457101
0.0179695467457101
0.0179695467457101
0.0179695467457101
0.0179695467457101
0.0179695467457101
0.0179695467457101
0.0179695467457101
0.0179695467457101
0.0179695467457101
0.0179695467457101
0.0179695467457101
0.0179695467457101
0.0179695467457101
0.0179695467457101
0.0179695467457101
0.0179695467457101
0.0179695467457101
0.0179695467457101
0.0179695467457101
0.0179695467457101
0.0179695467457101
0.0179695467457101
0.0179695467457101
0.0179695467457101
0.0179695467457101
0.0179695467457101
0.0179695467457101
0.0179695467457101
0.0179695467457101
0.0179695467457101
0.0179695467457101
0.0179695467457101
0.0179695467457101
0.0179695467457101
0.0179695467457101
0.0179695467457101
0.0179695467457101
0.0179695467457101
0.01674707060895384
0.01674707060895384
0.01674707060895384
0.01674707060895384
0.01674707060895384
0.01674707060895384
0.01674707060895384
0.01674707060895384
0.01674707060895384
0.01674707060895384
0.01674707060895384
0.01674707060895384
0.01674707060895384
0.01674707060895384
0.01674707060895384
0.01674707060895384
0.01674707060895384
0.01674707060895384
0.01674707060895384
0.01674707060895384
0.01674707060895384
0.01674707060895384
0.01674707060895384
0.01674707060895384
0.01674707060895384
0.01674707060895384
0.01674707060895384
0.01674707060895384
0.01674707060895384
0.01674707060895384
0.01674707060895384
0.01674707060895384
0.01674707060895384
0.01674707060895384
0.01674707060895384
0.01674707060895384
0.01674707060895384
0.01674707060895384
0.01674707060895384
0.01674707060895384
0.01674707060895384
0.01674707060895384
0.01674707060895384
0.01674707060895384
0.01674707060895384
0.01674707060895384
0.01674707060895384
0.01674707060895384
0.01674707060895384
0.01674707060895384
0.01674707060895384
0.01674707060895384
0.01674707060895384
0.01674707060895384
0.01674707060895384
0.01674707060895384
0.01674707060895384
0.01674707060895384
0.01674707060895384
0.01674707060895384
0.01674707060895384
0.01674707060895384
0.01674707060895384
0.01674707060895384
0.01674707060895384
0.01674707060895384
0.01674707060895384
0.01674707060895384
0.01674707060895384
0.01674707060895384
0.01674707060895384
0.01674707060895384
0.01674707060895384
0.01674707060895384
0.01674707060895384
0.01674707060895384
0.01674707060895384
0.01674707060895384
0.01674707060895384
0.01674707060895384
0.01674707060895384
0.01674707060895384
0.01674707060895384
0.01674707060895384
0.01674707060895384
0.01674707060895384
0.01674707060895384
0.01674707060895384
0.01674707060895384
0.01674707060895384
0.01674707060895384
0.01674707060895384
0.01674707060895384
0.01674707060895384
0.01674707060895384
0.01674707060895384
