Angles: 
0.06407679085949437 0.06407679085949436 0.995885701145617
0.06407679085949437 0.06407679085949436 -0.995885701145617
-0.06407679085949436 0.06407679085949437 0.995885701145617
-0.06407679085949436 0.06407679085949437 -0.995885701145617
-0.06407679085949439 -0.06407679085949436 0.995885701145617
-0.06407679085949439 -0.06407679085949436 -0.995885701145617
0.06407679085949436 -0.06407679085949439 0.995885701145617
0.06407679085949436 -0.06407679085949439 -0.995885701145617
0.19104863535419 0.07913493583657749 0.9783854459564709
0.19104863535419 0.07913493583657749 -0.9783854459564709
0.07913493583657751 0.19104863535419 0.9783854459564709
0.07913493583657751 0.19104863535419 -0.9783854459564709
-0.07913493583657748 0.19104863535419 0.9783854459564709
-0.07913493583657748 0.19104863535419 -0.9783854459564709
-0.19104863535419 0.07913493583657752 0.9783854459564709
-0.19104863535419 0.07913493583657752 -0.9783854459564709
-0.1910486353541901 -0.07913493583657746 0.9783854459564709
-0.1910486353541901 -0.07913493583657746 -0.9783854459564709
-0.0791349358365776 -0.19104863535419 0.9783854459564709
-0.0791349358365776 -0.19104863535419 -0.9783854459564709
0.07913493583657753 -0.19104863535419 0.9783854459564709
0.07913493583657753 -0.19104863535419 -0.9783854459564709
0.19104863535419 -0.07913493583657762 0.9783854459564709
0.19104863535419 -0.07913493583657762 -0.9783854459564709
0.3098344707596414 0.0830198962273702 0.9471590666617142
0.3098344707596414 0.0830198962273702 -0.9471590666617142
0.2268145745322712 0.2268145745322712 0.9471590666617142
0.2268145745322712 0.2268145745322712 -0.9471590666617142
0.08301989622737027 0.3098344707596414 0.9471590666617142
0.08301989622737027 0.3098344707596414 -0.9471590666617142
-0.08301989622737017 0.3098344707596414 0.9471590666617142
-0.08301989622737017 0.3098344707596414 -0.9471590666617142
-0.2268145745322712 0.2268145745322712 0.9471590666617142
-0.2268145745322712 0.2268145745322712 -0.9471590666617142
-0.3098344707596414 0.0830198962273703 0.9471590666617142
-0.3098344707596414 0.0830198962273703 -0.9471590666617142
-0.3098344707596414 -0.08301989622737008 0.9471590666617142
-0.3098344707596414 -0.08301989622737008 -0.9471590666617142
-0.2268145745322713 -0.2268145745322711 0.9471590666617142
-0.2268145745322713 -0.2268145745322711 -0.9471590666617142
-0.08301989622737045 -0.3098344707596413 0.9471590666617142
-0.08301989622737045 -0.3098344707596413 -0.9471590666617142
0.08301989622737006 -0.3098344707596414 0.9471590666617142
0.08301989622737006 -0.3098344707596414 -0.9471590666617142
0.2268145745322711 -0.2268145745322712 0.9471590666617142
0.2268145745322711 -0.2268145745322712 -0.9471590666617142
0.3098344707596413 -0.08301989622737047 0.9471590666617142
0.3098344707596413 -0.08301989622737047 -0.9471590666617142
0.4221308165661134 0.08396704006707377 0.902637861984307
0.4221308165661134 0.08396704006707377 -0.902637861984307
0.3578652263693038 0.239117899514123 0.902637861984307
0.3578652263693038 0.239117899514123 -0.902637861984307
0.239117899514123 0.3578652263693038 0.902637861984307
0.239117899514123 0.3578652263693038 -0.902637861984307
0.0839670400670738 0.4221308165661134 0.902637861984307
0.0839670400670738 0.4221308165661134 -0.902637861984307
-0.08396704006707374 0.4221308165661134 0.902637861984307
-0.08396704006707374 0.4221308165661134 -0.902637861984307
-0.2391178995141229 0.3578652263693038 0.902637861984307
-0.2391178995141229 0.3578652263693038 -0.902637861984307
-0.3578652263693038 0.239117899514123 0.902637861984307
-0.3578652263693038 0.239117899514123 -0.902637861984307
-0.4221308165661134 0.08396704006707392 0.902637861984307
-0.4221308165661134 0.08396704006707392 -0.902637861984307
-0.4221308165661134 -0.08396704006707381 0.902637861984307
-0.4221308165661134 -0.08396704006707381 -0.902637861984307
-0.3578652263693038 -0.2391178995141229 0.902637861984307
-0.3578652263693038 -0.2391178995141229 -0.902637861984307
-0.239117899514123 -0.3578652263693038 0.902637861984307
-0.239117899514123 -0.3578652263693038 -0.902637861984307
-0.08396704006707394 -0.4221308165661133 0.902637861984307
-0.08396704006707394 -0.4221308165661133 -0.902637861984307
0.08396704006707378 -0.4221308165661134 0.902637861984307
0.08396704006707378 -0.4221308165661134 -0.902637861984307
0.2391178995141228 -0.3578652263693038 0.902637861984307
0.2391178995141228 -0.3578652263693038 -0.902637861984307
0.3578652263693038 -0.239117899514123 0.902637861984307
0.3578652263693038 -0.239117899514123 -0.902637861984307
0.4221308165661133 -0.08396704006707396 0.902637861984307
0.4221308165661133 -0.08396704006707396 -0.902637861984307
0.5274858285085839 0.0835455477274564 0.8454459427884979
0.5274858285085839 0.0835455477274564 -0.8454459427884979
0.4758518404042894 0.2424586228747467 0.8454459427884979
0.4758518404042894 0.2424586228747467 -0.8454459427884979
0.3776381587064978 0.3776381587064977 0.8454459427884979
0.3776381587064978 0.3776381587064977 -0.8454459427884979
0.2424586228747468 0.4758518404042894 0.8454459427884979
0.2424586228747468 0.4758518404042894 -0.8454459427884979
0.08354554772745643 0.5274858285085839 0.8454459427884979
0.08354554772745643 0.5274858285085839 -0.8454459427884979
-0.08354554772745637 0.5274858285085839 0.8454459427884979
-0.08354554772745637 0.5274858285085839 -0.8454459427884979
-0.2424586228747467 0.4758518404042894 0.8454459427884979
-0.2424586228747467 0.4758518404042894 -0.8454459427884979
-0.3776381587064977 0.3776381587064978 0.8454459427884979
-0.3776381587064977 0.3776381587064978 -0.8454459427884979
-0.4758518404042893 0.2424586228747468 0.8454459427884979
-0.4758518404042893 0.2424586228747468 -0.8454459427884979
-0.5274858285085839 0.08354554772745645 0.8454459427884979
-0.5274858285085839 0.08354554772745645 -0.8454459427884979
-0.5274858285085839 -0.08354554772745633 0.8454459427884979
-0.5274858285085839 -0.08354554772745633 -0.8454459427884979
-0.4758518404042894 -0.2424586228747467 0.8454459427884979
-0.4758518404042894 -0.2424586228747467 -0.8454459427884979
-0.3776381587064978 -0.3776381587064977 0.8454459427884979
-0.3776381587064978 -0.3776381587064977 -0.8454459427884979
-0.2424586228747468 -0.4758518404042893 0.8454459427884979
-0.2424586228747468 -0.4758518404042893 -0.8454459427884979
-0.0835455477274565 -0.5274858285085839 0.8454459427884979
-0.0835455477274565 -0.5274858285085839 -0.8454459427884979
0.0835455477274563 -0.5274858285085839 0.8454459427884979
0.0835455477274563 -0.5274858285085839 -0.8454459427884979
0.2424586228747466 -0.4758518404042894 0.8454459427884979
0.2424586228747466 -0.4758518404042894 -0.8454459427884979
0.3776381587064976 -0.3776381587064978 0.8454459427884979
0.3776381587064976 -0.3776381587064978 -0.8454459427884979
0.4758518404042893 -0.2424586228747468 0.8454459427884979
0.4758518404042893 -0.2424586228747468 -0.8454459427884979
0.5274858285085839 -0.08354554772745654 0.8454459427884979
0.5274858285085839 -0.08354554772745654 -0.8454459427884979
0.6248658288455577 0.08226514702453588 0.7763859488206788
0.6248658288455577 0.08226514702453588 -0.7763859488206788
0.58228225524934 0.241189207253469 0.7763859488206788
0.58228225524934 0.241189207253469 -0.7763859488206788
0.5000171082248042 0.3836766215920887 0.7763859488206788
0.5000171082248042 0.3836766215920887 -0.7763859488206788
0.3836766215920888 0.5000171082248042 0.7763859488206788
0.3836766215920888 0.5000171082248042 -0.7763859488206788
0.241189207253469 0.58228225524934 0.7763859488206788
0.241189207253469 0.58228225524934 -0.7763859488206788
0.08226514702453598 0.6248658288455577 0.7763859488206788
0.08226514702453598 0.6248658288455577 -0.7763859488206788
-0.08226514702453576 0.6248658288455577 0.7763859488206788
-0.08226514702453576 0.6248658288455577 -0.7763859488206788
-0.2411892072534688 0.5822822552493401 0.7763859488206788
-0.2411892072534688 0.5822822552493401 -0.7763859488206788
-0.3836766215920886 0.5000171082248043 0.7763859488206788
-0.3836766215920886 0.5000171082248043 -0.7763859488206788
-0.5000171082248041 0.3836766215920889 0.7763859488206788
-0.5000171082248041 0.3836766215920889 -0.7763859488206788
-0.58228225524934 0.241189207253469 0.7763859488206788
-0.58228225524934 0.241189207253469 -0.7763859488206788
-0.6248658288455577 0.08226514702453615 0.7763859488206788
-0.6248658288455577 0.08226514702453615 -0.7763859488206788
-0.6248658288455577 -0.08226514702453573 0.7763859488206788
-0.6248658288455577 -0.08226514702453573 -0.7763859488206788
-0.5822822552493402 -0.2411892072534686 0.7763859488206788
-0.5822822552493402 -0.2411892072534686 -0.7763859488206788
-0.5000171082248043 -0.3836766215920886 0.7763859488206788
-0.5000171082248043 -0.3836766215920886 -0.7763859488206788
-0.3836766215920889 -0.5000171082248039 0.7763859488206788
-0.3836766215920889 -0.5000171082248039 -0.7763859488206788
-0.2411892072534693 -0.5822822552493399 0.7763859488206788
-0.2411892072534693 -0.5822822552493399 -0.7763859488206788
-0.08226514702453647 -0.6248658288455576 0.7763859488206788
-0.08226514702453647 -0.6248658288455576 -0.7763859488206788
0.08226514702453569 -0.6248658288455577 0.7763859488206788
0.08226514702453569 -0.6248658288455577 -0.7763859488206788
0.2411892072534686 -0.5822822552493402 0.7763859488206788
0.2411892072534686 -0.5822822552493402 -0.7763859488206788
0.3836766215920883 -0.5000171082248045 0.7763859488206788
0.3836766215920883 -0.5000171082248045 -0.7763859488206788
0.5000171082248039 -0.3836766215920889 0.7763859488206788
0.5000171082248039 -0.3836766215920889 -0.7763859488206788
0.5822822552493399 -0.2411892072534693 0.7763859488206788
0.5822822552493399 -0.2411892072534693 -0.7763859488206788
0.6248658288455576 -0.08226514702453652 0.7763859488206788
0.6248658288455576 -0.08226514702453652 -0.7763859488206788
0.7131150996423362 0.08034877476386265 0.6964272604199573
0.7131150996423362 0.08034877476386265 -0.6964272604199573
0.6773565308369357 0.237017301217663 0.6964272604199573
0.6773565308369357 0.237017301217663 -0.6964272604199573
0.6076324771808173 0.3818007904903506 0.6964272604199573
0.6076324771808173 0.3818007904903506 -0.6964272604199573
0.5074391938665918 0.5074391938665918 0.6964272604199573
0.5074391938665918 0.5074391938665918 -0.6964272604199573
0.3818007904903506 0.6076324771808171 0.6964272604199573
0.3818007904903506 0.6076324771808171 -0.6964272604199573
0.2370173012176631 0.6773565308369357 0.6964272604199573
0.2370173012176631 0.6773565308369357 -0.6964272604199573
0.08034877476386268 0.7131150996423362 0.6964272604199573
0.08034877476386268 0.7131150996423362 -0.6964272604199573
-0.08034877476386261 0.7131150996423362 0.6964272604199573
-0.08034877476386261 0.7131150996423362 -0.6964272604199573
-0.237017301217663 0.6773565308369357 0.6964272604199573
-0.237017301217663 0.6773565308369357 -0.6964272604199573
-0.3818007904903506 0.6076324771808173 0.6964272604199573
-0.3818007904903506 0.6076324771808173 -0.6964272604199573
-0.5074391938665918 0.5074391938665918 0.6964272604199573
-0.5074391938665918 0.5074391938665918 -0.6964272604199573
-0.6076324771808171 0.3818007904903508 0.6964272604199573
-0.6076324771808171 0.3818007904903508 -0.6964272604199573
-0.6773565308369357 0.2370173012176632 0.6964272604199573
-0.6773565308369357 0.2370173012176632 -0.6964272604199573
-0.7131150996423362 0.08034877476386273 0.6964272604199573
-0.7131150996423362 0.08034877476386273 -0.6964272604199573
-0.7131150996423362 -0.08034877476386255 0.6964272604199573
-0.7131150996423362 -0.08034877476386255 -0.6964272604199573
-0.6773565308369357 -0.237017301217663 0.6964272604199573
-0.6773565308369357 -0.237017301217663 -0.6964272604199573
-0.6076324771808173 -0.3818007904903506 0.6964272604199573
-0.6076324771808173 -0.3818007904903506 -0.6964272604199573
-0.5074391938665919 -0.5074391938665918 0.6964272604199573
-0.5074391938665919 -0.5074391938665918 -0.6964272604199573
-0.3818007904903508 -0.6076324771808171 0.6964272604199573
-0.3818007904903508 -0.6076324771808171 -0.6964272604199573
-0.2370173012176632 -0.6773565308369356 0.6964272604199573
-0.2370173012176632 -0.6773565308369356 -0.6964272604199573
-0.08034877476386278 -0.7131150996423362 0.6964272604199573
-0.08034877476386278 -0.7131150996423362 -0.6964272604199573
0.08034877476386251 -0.7131150996423362 0.6964272604199573
0.08034877476386251 -0.7131150996423362 -0.6964272604199573
0.2370173012176629 -0.6773565308369357 0.6964272604199573
0.2370173012176629 -0.6773565308369357 -0.6964272604199573
0.3818007904903505 -0.6076324771808173 0.6964272604199573
0.3818007904903505 -0.6076324771808173 -0.6964272604199573
0.5074391938665916 -0.5074391938665919 0.6964272604199573
0.5074391938665916 -0.5074391938665919 -0.6964272604199573
0.6076324771808171 -0.3818007904903508 0.6964272604199573
0.6076324771808171 -0.3818007904903508 -0.6964272604199573
0.6773565308369356 -0.2370173012176632 0.6964272604199573
0.6773565308369356 -0.2370173012176632 -0.6964272604199573
0.7131150996423362 -0.08034877476386282 0.6964272604199573
0.7131150996423362 -0.08034877476386282 -0.6964272604199573
0.791108927977115 0.07791742852484783 0.606692293017618
0.791108927977115 0.07791742852484783 -0.606692293017618
0.7607070555339525 0.2307579624929309 0.606692293017618
0.7607070555339525 0.2307579624929309 -0.606692293017618
0.7010716375560518 0.3747305973729669 0.606692293017618
0.7010716375560518 0.3747305973729669 -0.606692293017618
0.6144944297123761 0.5043025455472999 0.606692293017618
0.6144944297123761 0.5043025455472999 -0.606692293017618
0.5043025455472999 0.6144944297123761 0.606692293017618
0.5043025455472999 0.6144944297123761 -0.606692293017618
0.3747305973729671 0.7010716375560518 0.606692293017618
0.3747305973729671 0.7010716375560518 -0.606692293017618
0.2307579624929309 0.7607070555339525 0.606692293017618
0.2307579624929309 0.7607070555339525 -0.606692293017618
0.07791742852484797 0.7911089279771149 0.606692293017618
0.07791742852484797 0.7911089279771149 -0.606692293017618
-0.07791742852484787 0.791108927977115 0.606692293017618
-0.07791742852484787 0.791108927977115 -0.606692293017618
-0.2307579624929308 0.7607070555339526 0.606692293017618
-0.2307579624929308 0.7607070555339526 -0.606692293017618
-0.374730597372967 0.7010716375560518 0.606692293017618
-0.374730597372967 0.7010716375560518 -0.606692293017618
-0.5043025455472999 0.6144944297123761 0.606692293017618
-0.5043025455472999 0.6144944297123761 -0.606692293017618
-0.6144944297123761 0.5043025455472999 0.606692293017618
-0.6144944297123761 0.5043025455472999 -0.606692293017618
-0.7010716375560518 0.3747305973729672 0.606692293017618
-0.7010716375560518 0.3747305973729672 -0.606692293017618
-0.7607070555339525 0.230757962492931 0.606692293017618
-0.7607070555339525 0.230757962492931 -0.606692293017618
-0.7911089279771149 0.07791742852484801 0.606692293017618
-0.7911089279771149 0.07791742852484801 -0.606692293017618
-0.791108927977115 -0.07791742852484783 0.606692293017618
-0.791108927977115 -0.07791742852484783 -0.606692293017618
-0.7607070555339526 -0.2307579624929307 0.606692293017618
-0.7607070555339526 -0.2307579624929307 -0.606692293017618
-0.7010716375560518 -0.3747305973729669 0.606692293017618
-0.7010716375560518 -0.3747305973729669 -0.606692293017618
-0.6144944297123761 -0.5043025455472998 0.606692293017618
-0.6144944297123761 -0.5043025455472998 -0.606692293017618
-0.5043025455473003 -0.6144944297123758 0.606692293017618
-0.5043025455473003 -0.6144944297123758 -0.606692293017618
-0.3747305973729672 -0.7010716375560518 0.606692293017618
-0.3747305973729672 -0.7010716375560518 -0.606692293017618
-0.230757962492931 -0.7607070555339525 0.606692293017618
-0.230757962492931 -0.7607070555339525 -0.606692293017618
-0.07791742852484772 -0.791108927977115 0.606692293017618
-0.07791742852484772 -0.791108927977115 -0.606692293017618
0.07791742852484743 -0.791108927977115 0.606692293017618
0.07791742852484743 -0.791108927977115 -0.606692293017618
0.2307579624929307 -0.7607070555339526 0.606692293017618
0.2307579624929307 -0.7607070555339526 -0.606692293017618
0.3747305973729669 -0.7010716375560518 0.606692293017618
0.3747305973729669 -0.7010716375560518 -0.606692293017618
0.5043025455473 -0.614494429712376 0.606692293017618
0.5043025455473 -0.614494429712376 -0.606692293017618
0.6144944297123758 -0.5043025455473004 0.606692293017618
0.6144944297123758 -0.5043025455473004 -0.606692293017618
0.7010716375560517 -0.3747305973729672 0.606692293017618
0.7010716375560517 -0.3747305973729672 -0.606692293017618
0.7607070555339525 -0.230757962492931 0.606692293017618
0.7607070555339525 -0.230757962492931 -0.606692293017618
0.791108927977115 -0.07791742852484776 0.606692293017618
0.791108927977115 -0.07791742852484776 -0.606692293017618
0.8578202636866248 0.07504954841539851 0.5084407148245056
0.8578202636866248 0.07504954841539851 -0.5084407148245056
0.8317558290525048 0.2228683026944976 0.5084407148245056
0.8317558290525048 0.2228683026944976 -0.5084407148245056
0.7804189144413821 0.3639153163730271 0.5084407148245056
0.7804189144413821 0.3639153163730271 -0.5084407148245056
0.7053693660259837 0.4939049473135976 0.5084407148245056
0.7053693660259837 0.4939049473135976 -0.5084407148245056
0.6088875263580072 0.6088875263580071 0.5084407148245056
0.6088875263580072 0.6088875263580071 -0.5084407148245056
0.4939049473135976 0.7053693660259837 0.5084407148245056
0.4939049473135976 0.7053693660259837 -0.5084407148245056
0.3639153163730271 0.7804189144413821 0.5084407148245056
0.3639153163730271 0.7804189144413821 -0.5084407148245056
0.2228683026944976 0.8317558290525048 0.5084407148245056
0.2228683026944976 0.8317558290525048 -0.5084407148245056
0.07504954841539868 0.8578202636866248 0.5084407148245056
0.07504954841539868 0.8578202636866248 -0.5084407148245056
-0.07504954841539839 0.8578202636866248 0.5084407148245056
-0.07504954841539839 0.8578202636866248 -0.5084407148245056
-0.2228683026944975 0.8317558290525048 0.5084407148245056
-0.2228683026944975 0.8317558290525048 -0.5084407148245056
-0.363915316373027 0.7804189144413822 0.5084407148245056
-0.363915316373027 0.7804189144413822 -0.5084407148245056
-0.4939049473135975 0.7053693660259838 0.5084407148245056
-0.4939049473135975 0.7053693660259838 -0.5084407148245056
-0.6088875263580071 0.6088875263580072 0.5084407148245056
-0.6088875263580071 0.6088875263580072 -0.5084407148245056
-0.7053693660259835 0.4939049473135979 0.5084407148245056
-0.7053693660259835 0.4939049473135979 -0.5084407148245056
-0.7804189144413821 0.3639153163730272 0.5084407148245056
-0.7804189144413821 0.3639153163730272 -0.5084407148245056
-0.8317558290525047 0.2228683026944978 0.5084407148245056
-0.8317558290525047 0.2228683026944978 -0.5084407148245056
-0.8578202636866248 0.07504954841539854 0.5084407148245056
-0.8578202636866248 0.07504954841539854 -0.5084407148245056
-0.8578202636866248 -0.07504954841539832 0.5084407148245056
-0.8578202636866248 -0.07504954841539832 -0.5084407148245056
-0.8317558290525048 -0.2228683026944976 0.5084407148245056
-0.8317558290525048 -0.2228683026944976 -0.5084407148245056
-0.7804189144413822 -0.363915316373027 0.5084407148245056
-0.7804189144413822 -0.363915316373027 -0.5084407148245056
-0.7053693660259838 -0.4939049473135975 0.5084407148245056
-0.7053693660259838 -0.4939049473135975 -0.5084407148245056
-0.6088875263580074 -0.6088875263580071 0.5084407148245056
-0.6088875263580074 -0.6088875263580071 -0.5084407148245056
-0.4939049473135979 -0.7053693660259834 0.5084407148245056
-0.4939049473135979 -0.7053693660259834 -0.5084407148245056
-0.3639153163730275 -0.7804189144413819 0.5084407148245056
-0.3639153163730275 -0.7804189144413819 -0.5084407148245056
-0.2228683026944975 -0.8317558290525048 0.5084407148245056
-0.2228683026944975 -0.8317558290525048 -0.5084407148245056
-0.07504954841539858 -0.8578202636866248 0.5084407148245056
-0.07504954841539858 -0.8578202636866248 -0.5084407148245056
0.07504954841539828 -0.8578202636866248 0.5084407148245056
0.07504954841539828 -0.8578202636866248 -0.5084407148245056
0.2228683026944972 -0.8317558290525049 0.5084407148245056
0.2228683026944972 -0.8317558290525049 -0.5084407148245056
0.3639153163730266 -0.7804189144413824 0.5084407148245056
0.3639153163730266 -0.7804189144413824 -0.5084407148245056
0.4939049473135976 -0.7053693660259837 0.5084407148245056
0.4939049473135976 -0.7053693660259837 -0.5084407148245056
0.608887526358007 -0.6088875263580074 0.5084407148245056
0.608887526358007 -0.6088875263580074 -0.5084407148245056
0.7053693660259834 -0.493904947313598 0.5084407148245056
0.7053693660259834 -0.493904947313598 -0.5084407148245056
0.7804189144413819 -0.3639153163730276 0.5084407148245056
0.7804189144413819 -0.3639153163730276 -0.5084407148245056
0.8317558290525048 -0.2228683026944975 0.5084407148245056
0.8317558290525048 -0.2228683026944975 -0.5084407148245056
0.8578202636866248 -0.07504954841539865 0.5084407148245056
0.8578202636866248 -0.07504954841539865 -0.5084407148245056
0.9123560006599576 0.07180397448362139 0.4030517551234865
0.9123560006599576 0.07180397448362139 -0.4030517551234865
0.8898907679877422 0.2136438712953486 0.4030517551234865
0.8898907679877422 0.2136438712953486 -0.4030517551234865
0.845513471229534 0.3502231469524267 0.4030517551234865
0.845513471229534 0.3502231469524267 -0.4030517551234865
0.7803168267113243 0.4781787664075501 0.4030517551234865
0.7803168267113243 0.4781787664075501 -0.4030517551234865
0.6959061921964088 0.5943600376493797 0.4030517551234865
0.6959061921964088 0.5943600376493797 -0.4030517551234865
0.5943600376493797 0.6959061921964088 0.4030517551234865
0.5943600376493797 0.6959061921964088 -0.4030517551234865
0.4781787664075502 0.7803168267113242 0.4030517551234865
0.4781787664075502 0.7803168267113242 -0.4030517551234865
0.3502231469524268 0.845513471229534 0.4030517551234865
0.3502231469524268 0.845513471229534 -0.4030517551234865
0.2136438712953487 0.8898907679877422 0.4030517551234865
0.2136438712953487 0.8898907679877422 -0.4030517551234865
0.07180397448362143 0.9123560006599576 0.4030517551234865
0.07180397448362143 0.9123560006599576 -0.4030517551234865
-0.07180397448362132 0.9123560006599576 0.4030517551234865
-0.07180397448362132 0.9123560006599576 -0.4030517551234865
-0.2136438712953485 0.8898907679877424 0.4030517551234865
-0.2136438712953485 0.8898907679877424 -0.4030517551234865
-0.3502231469524267 0.845513471229534 0.4030517551234865
-0.3502231469524267 0.845513471229534 -0.4030517551234865
-0.4781787664075501 0.7803168267113243 0.4030517551234865
-0.4781787664075501 0.7803168267113243 -0.4030517551234865
-0.5943600376493797 0.6959061921964089 0.4030517551234865
-0.5943600376493797 0.6959061921964089 -0.4030517551234865
-0.6959061921964087 0.5943600376493798 0.4030517551234865
-0.6959061921964087 0.5943600376493798 -0.4030517551234865
-0.7803168267113242 0.4781787664075502 0.4030517551234865
-0.7803168267113242 0.4781787664075502 -0.4030517551234865
-0.845513471229534 0.3502231469524268 0.4030517551234865
-0.845513471229534 0.3502231469524268 -0.4030517551234865
-0.8898907679877422 0.2136438712953487 0.4030517551234865
-0.8898907679877422 0.2136438712953487 -0.4030517551234865
-0.9123560006599576 0.0718039744836215 0.4030517551234865
-0.9123560006599576 0.0718039744836215 -0.4030517551234865
-0.9123560006599576 -0.07180397448362126 0.4030517551234865
-0.9123560006599576 -0.07180397448362126 -0.4030517551234865
-0.8898907679877424 -0.2136438712953485 0.4030517551234865
-0.8898907679877424 -0.2136438712953485 -0.4030517551234865
-0.8455134712295341 -0.3502231469524266 0.4030517551234865
-0.8455134712295341 -0.3502231469524266 -0.4030517551234865
-0.7803168267113243 -0.4781787664075501 0.4030517551234865
-0.7803168267113243 -0.4781787664075501 -0.4030517551234865
-0.6959061921964089 -0.5943600376493797 0.4030517551234865
-0.6959061921964089 -0.5943600376493797 -0.4030517551234865
-0.5943600376493802 -0.6959061921964085 0.4030517551234865
-0.5943600376493802 -0.6959061921964085 -0.4030517551234865
-0.4781787664075499 -0.7803168267113243 0.4030517551234865
-0.4781787664075499 -0.7803168267113243 -0.4030517551234865
-0.3502231469524272 -0.8455134712295338 0.4030517551234865
-0.3502231469524272 -0.8455134712295338 -0.4030517551234865
-0.2136438712953484 -0.8898907679877424 0.4030517551234865
-0.2136438712953484 -0.8898907679877424 -0.4030517551234865
-0.07180397448362195 -0.9123560006599576 0.4030517551234865
-0.07180397448362195 -0.9123560006599576 -0.4030517551234865
0.07180397448362162 -0.9123560006599576 0.4030517551234865
0.07180397448362162 -0.9123560006599576 -0.4030517551234865
0.213643871295348 -0.8898907679877424 0.4030517551234865
0.213643871295348 -0.8898907679877424 -0.4030517551234865
0.3502231469524269 -0.8455134712295339 0.4030517551234865
0.3502231469524269 -0.8455134712295339 -0.4030517551234865
0.4781787664075497 -0.7803168267113244 0.4030517551234865
0.4781787664075497 -0.7803168267113244 -0.4030517551234865
0.5943600376493799 -0.6959061921964087 0.4030517551234865
0.5943600376493799 -0.6959061921964087 -0.4030517551234865
0.6959061921964084 -0.5943600376493803 0.4030517551234865
0.6959061921964084 -0.5943600376493803 -0.4030517551234865
0.7803168267113243 -0.47817876640755 0.4030517551234865
0.7803168267113243 -0.47817876640755 -0.4030517551234865
0.8455134712295338 -0.3502231469524273 0.4030517551234865
0.8455134712295338 -0.3502231469524273 -0.4030517551234865
0.8898907679877424 -0.2136438712953484 0.4030517551234865
0.8898907679877424 -0.2136438712953484 -0.4030517551234865
0.9123560006599576 -0.071803974483622 0.4030517551234865
0.9123560006599576 -0.071803974483622 -0.4030517551234865
0.9539800004878105 0.0682299962337501 0.2920048394859569
0.9539800004878105 0.0682299962337501 -0.2920048394859569
0.9345597187290245 0.2033010227369924 0.2920048394859569
0.9345597187290245 0.2033010227369924 -0.2920048394859569
0.8961144961445935 0.3342334266890461 0.2920048394859569
0.8961144961445935 0.3342334266890461 -0.2920048394859569
0.8394269665994696 0.4583618019233208 0.2920048394859569
0.8394269665994696 0.4583618019233208 -0.2920048394859569
0.7656511247218556 0.5731592526767216 0.2920048394859569
0.7656511247218556 0.5731592526767216 -0.2920048394859569
0.6762888339004204 0.6762888339004203 0.2920048394859569
0.6762888339004204 0.6762888339004203 -0.2920048394859569
0.5731592526767217 0.7656511247218556 0.2920048394859569
0.5731592526767217 0.7656511247218556 -0.2920048394859569
0.4583618019233208 0.8394269665994696 0.2920048394859569
0.4583618019233208 0.8394269665994696 -0.2920048394859569
0.3342334266890462 0.8961144961445935 0.2920048394859569
0.3342334266890462 0.8961144961445935 -0.2920048394859569
0.2033010227369923 0.9345597187290245 0.2920048394859569
0.2033010227369923 0.9345597187290245 -0.2920048394859569
0.06822999623375012 0.9539800004878105 0.2920048394859569
0.06822999623375012 0.9539800004878105 -0.2920048394859569
-0.06822999623375001 0.9539800004878105 0.2920048394859569
-0.06822999623375001 0.9539800004878105 -0.2920048394859569
-0.2033010227369924 0.9345597187290245 0.2920048394859569
-0.2033010227369924 0.9345597187290245 -0.2920048394859569
-0.334233426689046 0.8961144961445935 0.2920048394859569
-0.334233426689046 0.8961144961445935 -0.2920048394859569
-0.4583618019233209 0.8394269665994695 0.2920048394859569
-0.4583618019233209 0.8394269665994695 -0.2920048394859569
-0.5731592526767217 0.7656511247218556 0.2920048394859569
-0.5731592526767217 0.7656511247218556 -0.2920048394859569
-0.6762888339004203 0.6762888339004204 0.2920048394859569
-0.6762888339004203 0.6762888339004204 -0.2920048394859569
-0.7656511247218555 0.5731592526767219 0.2920048394859569
-0.7656511247218555 0.5731592526767219 -0.2920048394859569
-0.8394269665994695 0.458361801923321 0.2920048394859569
-0.8394269665994695 0.458361801923321 -0.2920048394859569
-0.8961144961445936 0.334233426689046 0.2920048394859569
-0.8961144961445936 0.334233426689046 -0.2920048394859569
-0.9345597187290245 0.2033010227369924 0.2920048394859569
-0.9345597187290245 0.2033010227369924 -0.2920048394859569
-0.9539800004878105 0.06822999623375019 0.2920048394859569
-0.9539800004878105 0.06822999623375019 -0.2920048394859569
-0.9539800004878105 -0.06822999623374995 0.2920048394859569
-0.9539800004878105 -0.06822999623374995 -0.2920048394859569
-0.9345597187290247 -0.2033010227369922 0.2920048394859569
-0.9345597187290247 -0.2033010227369922 -0.2920048394859569
-0.8961144961445935 -0.3342334266890462 0.2920048394859569
-0.8961144961445935 -0.3342334266890462 -0.2920048394859569
-0.8394269665994696 -0.4583618019233208 0.2920048394859569
-0.8394269665994696 -0.4583618019233208 -0.2920048394859569
-0.7656511247218556 -0.5731592526767216 0.2920048394859569
-0.7656511247218556 -0.5731592526767216 -0.2920048394859569
-0.6762888339004205 -0.6762888339004203 0.2920048394859569
-0.6762888339004205 -0.6762888339004203 -0.2920048394859569
-0.5731592526767219 -0.7656511247218555 0.2920048394859569
-0.5731592526767219 -0.7656511247218555 -0.2920048394859569
-0.4583618019233211 -0.8394269665994694 0.2920048394859569
-0.4583618019233211 -0.8394269665994694 -0.2920048394859569
-0.3342334266890464 -0.8961144961445934 0.2920048394859569
-0.3342334266890464 -0.8961144961445934 -0.2920048394859569
-0.2033010227369929 -0.9345597187290244 0.2920048394859569
-0.2033010227369929 -0.9345597187290244 -0.2920048394859569
-0.06822999623374981 -0.9539800004878105 0.2920048394859569
-0.06822999623374981 -0.9539800004878105 -0.2920048394859569
0.06822999623375031 -0.9539800004878105 0.2920048394859569
0.06822999623375031 -0.9539800004878105 -0.2920048394859569
0.2033010227369925 -0.9345597187290245 0.2920048394859569
0.2033010227369925 -0.9345597187290245 -0.2920048394859569
0.3342334266890461 -0.8961144961445935 0.2920048394859569
0.3342334266890461 -0.8961144961445935 -0.2920048394859569
0.4583618019233208 -0.8394269665994696 0.2920048394859569
0.4583618019233208 -0.8394269665994696 -0.2920048394859569
0.5731592526767216 -0.7656511247218557 0.2920048394859569
0.5731592526767216 -0.7656511247218557 -0.2920048394859569
0.6762888339004202 -0.6762888339004205 0.2920048394859569
0.6762888339004202 -0.6762888339004205 -0.2920048394859569
0.7656511247218554 -0.573159252676722 0.2920048394859569
0.7656511247218554 -0.573159252676722 -0.2920048394859569
0.8394269665994694 -0.4583618019233212 0.2920048394859569
0.8394269665994694 -0.4583618019233212 -0.2920048394859569
0.8961144961445934 -0.3342334266890465 0.2920048394859569
0.8961144961445934 -0.3342334266890465 -0.2920048394859569
0.9345597187290244 -0.2033010227369929 0.2920048394859569
0.9345597187290244 -0.2033010227369929 -0.2920048394859569
0.9539800004878105 -0.06822999623374988 0.2920048394859569
0.9539800004878105 -0.06822999623374988 -0.2920048394859569
0.9821289052973253 0.06437212938412587 0.1768588203568902
0.9821289052973253 0.06437212938412587 -0.1768588203568902
0.9653244074301124 0.1920149631712892 0.1768588203568902
0.9653244074301124 0.1920149631712892 -0.1768588203568902
0.9320029413132817 0.3163723677019863 0.1768588203568902
0.9320029413132817 0.3163723677019863 -0.1768588203568902
0.8827346464705479 0.4353165533063109 0.1768588203568902
0.8827346464705479 0.4353165533063109 -0.1768588203568902
0.8183625170864219 0.5468123519910143 0.1768588203568902
0.8183625170864219 0.5468123519910143 -0.1768588203568902
0.7399879781419926 0.648952039728126 0.1768588203568902
0.7399879781419926 0.648952039728126 -0.1768588203568902
0.6489520397281261 0.7399879781419925 0.1768588203568902
0.6489520397281261 0.7399879781419925 -0.1768588203568902
0.5468123519910145 0.8183625170864218 0.1768588203568902
0.5468123519910145 0.8183625170864218 -0.1768588203568902
0.4353165533063111 0.8827346464705478 0.1768588203568902
0.4353165533063111 0.8827346464705478 -0.1768588203568902
0.3163723677019865 0.9320029413132815 0.1768588203568902
0.3163723677019865 0.9320029413132815 -0.1768588203568902
0.1920149631712892 0.9653244074301124 0.1768588203568902
0.1920149631712892 0.9653244074301124 -0.1768588203568902
0.06437212938412606 0.9821289052973253 0.1768588203568902
0.06437212938412606 0.9821289052973253 -0.1768588203568902
-0.06437212938412573 0.9821289052973253 0.1768588203568902
-0.06437212938412573 0.9821289052973253 -0.1768588203568902
-0.1920149631712889 0.9653244074301125 0.1768588203568902
-0.1920149631712889 0.9653244074301125 -0.1768588203568902
-0.3163723677019862 0.9320029413132817 0.1768588203568902
-0.3163723677019862 0.9320029413132817 -0.1768588203568902
-0.4353165533063108 0.8827346464705479 0.1768588203568902
-0.4353165533063108 0.8827346464705479 -0.1768588203568902
-0.5468123519910141 0.818362517086422 0.1768588203568902
-0.5468123519910141 0.818362517086422 -0.1768588203568902
-0.6489520397281257 0.7399879781419928 0.1768588203568902
-0.6489520397281257 0.7399879781419928 -0.1768588203568902
-0.7399879781419924 0.6489520397281261 0.1768588203568902
-0.7399879781419924 0.6489520397281261 -0.1768588203568902
-0.8183625170864217 0.5468123519910146 0.1768588203568902
-0.8183625170864217 0.5468123519910146 -0.1768588203568902
-0.8827346464705477 0.4353165533063113 0.1768588203568902
-0.8827346464705477 0.4353165533063113 -0.1768588203568902
-0.9320029413132815 0.3163723677019866 0.1768588203568902
-0.9320029413132815 0.3163723677019866 -0.1768588203568902
-0.9653244074301124 0.1920149631712895 0.1768588203568902
-0.9653244074301124 0.1920149631712895 -0.1768588203568902
-0.9821289052973253 0.06437212938412636 0.1768588203568902
-0.9821289052973253 0.06437212938412636 -0.1768588203568902
-0.9821289052973253 -0.06437212938412568 0.1768588203568902
-0.9821289052973253 -0.06437212938412568 -0.1768588203568902
-0.9653244074301125 -0.1920149631712889 0.1768588203568902
-0.9653244074301125 -0.1920149631712889 -0.1768588203568902
-0.9320029413132818 -0.3163723677019859 0.1768588203568902
-0.9320029413132818 -0.3163723677019859 -0.1768588203568902
-0.8827346464705479 -0.4353165533063107 0.1768588203568902
-0.8827346464705479 -0.4353165533063107 -0.1768588203568902
-0.8183625170864222 -0.5468123519910141 0.1768588203568902
-0.8183625170864222 -0.5468123519910141 -0.1768588203568902
-0.7399879781419928 -0.6489520397281257 0.1768588203568902
-0.7399879781419928 -0.6489520397281257 -0.1768588203568902
-0.6489520397281262 -0.7399879781419924 0.1768588203568902
-0.6489520397281262 -0.7399879781419924 -0.1768588203568902
-0.5468123519910151 -0.8183625170864215 0.1768588203568902
-0.5468123519910151 -0.8183625170864215 -0.1768588203568902
-0.435316553306311 -0.8827346464705478 0.1768588203568902
-0.435316553306311 -0.8827346464705478 -0.1768588203568902
-0.3163723677019866 -0.9320029413132815 0.1768588203568902
-0.3163723677019866 -0.9320029413132815 -0.1768588203568902
-0.1920149631712896 -0.9653244074301123 0.1768588203568902
-0.1920149631712896 -0.9653244074301123 -0.1768588203568902
-0.06437212938412641 -0.9821289052973253 0.1768588203568902
-0.06437212938412641 -0.9821289052973253 -0.1768588203568902
0.06437212938412518 -0.9821289052973254 0.1768588203568902
0.06437212938412518 -0.9821289052973254 -0.1768588203568902
0.1920149631712884 -0.9653244074301126 0.1768588203568902
0.1920149631712884 -0.9653244074301126 -0.1768588203568902
0.3163723677019863 -0.9320029413132817 0.1768588203568902
0.3163723677019863 -0.9320029413132817 -0.1768588203568902
0.4353165533063107 -0.882734646470548 0.1768588203568902
0.4353165533063107 -0.882734646470548 -0.1768588203568902
0.546812351991014 -0.8183625170864222 0.1768588203568902
0.546812351991014 -0.8183625170864222 -0.1768588203568902
0.6489520397281255 -0.7399879781419929 0.1768588203568902
0.6489520397281255 -0.7399879781419929 -0.1768588203568902
0.739987978141992 -0.6489520397281265 0.1768588203568902
0.739987978141992 -0.6489520397281265 -0.1768588203568902
0.8183625170864215 -0.5468123519910151 0.1768588203568902
0.8183625170864215 -0.5468123519910151 -0.1768588203568902
0.8827346464705473 -0.4353165533063119 0.1768588203568902
0.8827346464705473 -0.4353165533063119 -0.1768588203568902
0.9320029413132815 -0.3163723677019867 0.1768588203568902
0.9320029413132815 -0.3163723677019867 -0.1768588203568902
0.9653244074301123 -0.1920149631712896 0.1768588203568902
0.9653244074301123 -0.1920149631712896 -0.1768588203568902
0.9821289052973253 -0.06437212938412647 0.1768588203568902
0.9821289052973253 -0.06437212938412647 -0.1768588203568902
0.9964231141737885 0.06027249432837585 0.05923009342931307
0.9964231141737885 0.06027249432837585 -0.05923009342931307
0.9818930214196882 0.1799385742959825 0.05923009342931307
0.9818930214196882 0.1799385742959825 -0.05923009342931307
0.9530447173827614 0.2969807446639718 0.05923009342931307
0.9530447173827614 0.2969807446639718 -0.05923009342931307
0.9102988752965903 0.4096922670323638 0.05923009342931307
0.9102988752965903 0.4096922670323638 -0.05923009342931307
0.8542788257940445 0.5164295536007825 0.05923009342931307
0.8542788257940445 0.5164295536007825 -0.05923009342931307
0.7858014673430368 0.6156361343796229 0.05923009342931307
0.7858014673430368 0.6156361343796229 -0.05923009342931307
0.7058653540273651 0.7058653540273649 0.05923009342931307
0.7058653540273651 0.7058653540273649 -0.05923009342931307
0.6156361343796229 0.7858014673430368 0.05923009342931307
0.6156361343796229 0.7858014673430368 -0.05923009342931307
0.5164295536007825 0.8542788257940445 0.05923009342931307
0.5164295536007825 0.8542788257940445 -0.05923009342931307
0.4096922670323639 0.9102988752965903 0.05923009342931307
0.4096922670323639 0.9102988752965903 -0.05923009342931307
0.2969807446639719 0.9530447173827614 0.05923009342931307
0.2969807446639719 0.9530447173827614 -0.05923009342931307
0.1799385742959827 0.981893021419688 0.05923009342931307
0.1799385742959827 0.981893021419688 -0.05923009342931307
0.06027249432837609 0.9964231141737885 0.05923009342931307
0.06027249432837609 0.9964231141737885 -0.05923009342931307
-0.06027249432837574 0.9964231141737885 0.05923009342931307
-0.06027249432837574 0.9964231141737885 -0.05923009342931307
-0.1799385742959823 0.9818930214196882 0.05923009342931307
-0.1799385742959823 0.9818930214196882 -0.05923009342931307
-0.2969807446639718 0.9530447173827615 0.05923009342931307
-0.2969807446639718 0.9530447173827615 -0.05923009342931307
-0.4096922670323636 0.9102988752965904 0.05923009342931307
-0.4096922670323636 0.9102988752965904 -0.05923009342931307
-0.5164295536007822 0.8542788257940447 0.05923009342931307
-0.5164295536007822 0.8542788257940447 -0.05923009342931307
-0.6156361343796229 0.7858014673430368 0.05923009342931307
-0.6156361343796229 0.7858014673430368 -0.05923009342931307
-0.7058653540273649 0.7058653540273651 0.05923009342931307
-0.7058653540273649 0.7058653540273651 -0.05923009342931307
-0.7858014673430367 0.6156361343796231 0.05923009342931307
-0.7858014673430367 0.6156361343796231 -0.05923009342931307
-0.8542788257940443 0.5164295536007827 0.05923009342931307
-0.8542788257940443 0.5164295536007827 -0.05923009342931307
-0.9102988752965901 0.4096922670323642 0.05923009342931307
-0.9102988752965901 0.4096922670323642 -0.05923009342931307
-0.9530447173827614 0.296980744663972 0.05923009342931307
-0.9530447173827614 0.296980744663972 -0.05923009342931307
-0.981893021419688 0.1799385742959827 0.05923009342931307
-0.981893021419688 0.1799385742959827 -0.05923009342931307
-0.9964231141737885 0.06027249432837614 0.05923009342931307
-0.9964231141737885 0.06027249432837614 -0.05923009342931307
-0.9964231141737885 -0.06027249432837546 0.05923009342931307
-0.9964231141737885 -0.06027249432837546 -0.05923009342931307
-0.9818930214196882 -0.1799385742959825 0.05923009342931307
-0.9818930214196882 -0.1799385742959825 -0.05923009342931307
-0.9530447173827615 -0.2969807446639717 0.05923009342931307
-0.9530447173827615 -0.2969807446639717 -0.05923009342931307
-0.9102988752965904 -0.4096922670323636 0.05923009342931307
-0.9102988752965904 -0.4096922670323636 -0.05923009342931307
-0.8542788257940447 -0.5164295536007821 0.05923009342931307
-0.8542788257940447 -0.5164295536007821 -0.05923009342931307
-0.7858014673430371 -0.6156361343796225 0.05923009342931307
-0.7858014673430371 -0.6156361343796225 -0.05923009342931307
-0.7058653540273652 -0.7058653540273649 0.05923009342931307
-0.7058653540273652 -0.7058653540273649 -0.05923009342931307
-0.6156361343796235 -0.7858014673430364 0.05923009342931307
-0.6156361343796235 -0.7858014673430364 -0.05923009342931307
-0.5164295536007828 -0.8542788257940442 0.05923009342931307
-0.5164295536007828 -0.8542788257940442 -0.05923009342931307
-0.4096922670323638 -0.9102988752965903 0.05923009342931307
-0.4096922670323638 -0.9102988752965903 -0.05923009342931307
-0.2969807446639725 -0.9530447173827613 0.05923009342931307
-0.2969807446639725 -0.9530447173827613 -0.05923009342931307
-0.1799385742959828 -0.981893021419688 0.05923009342931307
-0.1799385742959828 -0.981893021419688 -0.05923009342931307
-0.06027249432837665 -0.9964231141737884 0.05923009342931307
-0.06027249432837665 -0.9964231141737884 -0.05923009342931307
0.0602724943283754 -0.9964231141737885 0.05923009342931307
0.0602724943283754 -0.9964231141737885 -0.05923009342931307
0.1799385742959824 -0.9818930214196882 0.05923009342931307
0.1799385742959824 -0.9818930214196882 -0.05923009342931307
0.2969807446639712 -0.9530447173827616 0.05923009342931307
0.2969807446639712 -0.9530447173827616 -0.05923009342931307
0.4096922670323635 -0.9102988752965904 0.05923009342931307
0.4096922670323635 -0.9102988752965904 -0.05923009342931307
0.5164295536007825 -0.8542788257940445 0.05923009342931307
0.5164295536007825 -0.8542788257940445 -0.05923009342931307
0.6156361343796225 -0.7858014673430371 0.05923009342931307
0.6156361343796225 -0.7858014673430371 -0.05923009342931307
0.7058653540273648 -0.7058653540273652 0.05923009342931307
0.7058653540273648 -0.7058653540273652 -0.05923009342931307
0.7858014673430364 -0.6156361343796235 0.05923009342931307
0.7858014673430364 -0.6156361343796235 -0.05923009342931307
0.8542788257940442 -0.5164295536007828 0.05923009342931307
0.8542788257940442 -0.5164295536007828 -0.05923009342931307
0.9102988752965903 -0.4096922670323639 0.05923009342931307
0.9102988752965903 -0.4096922670323639 -0.05923009342931307
0.9530447173827613 -0.2969807446639725 0.05923009342931307
0.9530447173827613 -0.2969807446639725 -0.05923009342931307
0.981893021419688 -0.1799385742959828 0.05923009342931307
0.981893021419688 -0.1799385742959828 -0.05923009342931307
0.9964231141737884 -0.06027249432837671 0.05923009342931307
0.9964231141737884 -0.06027249432837671 -0.05923009342931307

Weights: 
0.01657405734996661
0.01657405734996661
0.01657405734996661
0.01657405734996661
0.01657405734996661
0.01657405734996661
0.01657405734996661
0.01657405734996661
0.01917773540226546
0.01917773540226546
0.01917773540226546
0.01917773540226546
0.01917773540226546
0.01917773540226546
0.01917773540226546
0.01917773540226546
0.01917773540226546
0.01917773540226546
0.01917773540226546
0.01917773540226546
0.01917773540226546
0.01917773540226546
0.01917773540226546
0.01917773540226546
0.01987705741172166
0.01987705741172166
0.01987705741172166
0.01987705741172166
0.01987705741172166
0.01987705741172166
0.01987705741172166
0.01987705741172166
0.01987705741172166
0.01987705741172166
0.01987705741172166
0.01987705741172166
0.01987705741172166
0.01987705741172166
0.01987705741172166
0.01987705741172166
0.01987705741172166
0.01987705741172166
0.01987705741172166
0.01987705741172166
0.01987705741172166
0.01987705741172166
0.01987705741172166
0.01987705741172166
0.02001815978302459
0.02001815978302459
0.02001815978302459
0.02001815978302459
0.02001815978302459
0.02001815978302459
0.02001815978302459
0.02001815978302459
0.02001815978302459
0.02001815978302459
0.02001815978302459
0.02001815978302459
0.02001815978302459
0.02001815978302459
0.02001815978302459
0.02001815978302459
0.02001815978302459
0.02001815978302459
0.02001815978302459
0.02001815978302459
0.02001815978302459
0.02001815978302459
0.02001815978302459
0.02001815978302459
0.02001815978302459
0.02001815978302459
0.02001815978302459
0.02001815978302459
0.02001815978302459
0.02001815978302459
0.02001815978302459
0.02001815978302459
0.01987812791118922
0.01987812791118922
0.01987812791118922
0.01987812791118922
0.01987812791118922
0.01987812791118922
0.01987812791118922
0.01987812791118922
0.01987812791118922
0.01987812791118922
0.01987812791118922
0.01987812791118922
0.01987812791118922
0.01987812791118922
0.01987812791118922
0.01987812791118922
0.01987812791118922
0.01987812791118922
0.01987812791118922
0.01987812791118922
0.01987812791118922
0.01987812791118922
0.01987812791118922
0.01987812791118922
0.01987812791118922
0.01987812791118922
0.01987812791118922
0.01987812791118922
0.01987812791118922
0.01987812791118922
0.01987812791118922
0.01987812791118922
0.01987812791118922
0.01987812791118922
0.01987812791118922
0.01987812791118922
0.01987812791118922
0.01987812791118922
0.01987812791118922
0.01987812791118922
0.0195522646869497
0.0195522646869497
0.0195522646869497
0.0195522646869497
0.0195522646869497
0.0195522646869497
0.0195522646869497
0.0195522646869497
0.0195522646869497
0.0195522646869497
0.0195522646869497
0.0195522646869497
0.0195522646869497
0.0195522646869497
0.0195522646869497
0.0195522646869497
0.0195522646869497
0.0195522646869497
0.0195522646869497
0.0195522646869497
0.0195522646869497
0.0195522646869497
0.0195522646869497
0.0195522646869497
0.0195522646869497
0.0195522646869497
0.0195522646869497
0.0195522646869497
0.0195522646869497
0.0195522646869497
0.0195522646869497
0.0195522646869497
0.0195522646869497
0.0195522646869497
0.0195522646869497
0.0195522646869497
0.0195522646869497
0.0195522646869497
0.0195522646869497
0.0195522646869497
0.0195522646869497
0.0195522646869497
0.0195522646869497
0.0195522646869497
0.0195522646869497
0.0195522646869497
0.0195522646869497
0.0195522646869497
0.01908425405665852
0.01908425405665852
0.01908425405665852
0.01908425405665852
0.01908425405665852
0.01908425405665852
0.01908425405665852
0.01908425405665852
0.01908425405665852
0.01908425405665852
0.01908425405665852
0.01908425405665852
0.01908425405665852
0.01908425405665852
0.01908425405665852
0.01908425405665852
0.01908425405665852
0.01908425405665852
0.01908425405665852
0.01908425405665852
0.01908425405665852
0.01908425405665852
0.01908425405665852
0.01908425405665852
0.01908425405665852
0.01908425405665852
0.01908425405665852
0.01908425405665852
0.01908425405665852
0.01908425405665852
0.01908425405665852
0.01908425405665852
0.01908425405665852
0.01908425405665852
0.01908425405665852
0.01908425405665852
0.01908425405665852
0.01908425405665852
0.01908425405665852
0.01908425405665852
0.01908425405665852
0.01908425405665852
0.01908425405665852
0.01908425405665852
0.01908425405665852
0.01908425405665852
0.01908425405665852
0.01908425405665852
0.01908425405665852
0.01908425405665852
0.01908425405665852
0.01908425405665852
0.01908425405665852
0.01908425405665852
0.01908425405665852
0.01908425405665852
0.01849883644155722
0.01849883644155722
0.01849883644155722
0.01849883644155722
0.01849883644155722
0.01849883644155722
0.01849883644155722
0.01849883644155722
0.01849883644155722
0.01849883644155722
0.01849883644155722
0.01849883644155722
0.01849883644155722
0.01849883644155722
0.01849883644155722
0.01849883644155722
0.01849883644155722
0.01849883644155722
0.01849883644155722
0.01849883644155722
0.01849883644155722
0.01849883644155722
0.01849883644155722
0.01849883644155722
0.01849883644155722
0.01849883644155722
0.01849883644155722
0.01849883644155722
0.01849883644155722
0.01849883644155722
0.01849883644155722
0.01849883644155722
0.01849883644155722
0.01849883644155722
0.01849883644155722
0.01849883644155722
0.01849883644155722
0.01849883644155722
0.01849883644155722
0.01849883644155722
0.01849883644155722
0.01849883644155722
0.01849883644155722
0.01849883644155722
0.01849883644155722
0.01849883644155722
0.01849883644155722
0.01849883644155722
0.01849883644155722
0.01849883644155722
0.01849883644155722
0.01849883644155722
0.01849883644155722
0.01849883644155722
0.01849883644155722
0.01849883644155722
0.01849883644155722
0.01849883644155722
0.01849883644155722
0.01849883644155722
0.01849883644155722
0.01849883644155722
0.01849883644155722
0.01849883644155722
0.01781268392921024
0.01781268392921024
0.01781268392921024
0.01781268392921024
0.01781268392921024
0.01781268392921024
0.01781268392921024
0.01781268392921024
0.01781268392921024
0.01781268392921024
0.01781268392921024
0.01781268392921024
0.01781268392921024
0.01781268392921024
0.01781268392921024
0.01781268392921024
0.01781268392921024
0.01781268392921024
0.01781268392921024
0.01781268392921024
0.01781268392921024
0.01781268392921024
0.01781268392921024
0.01781268392921024
0.01781268392921024
0.01781268392921024
0.01781268392921024
0.01781268392921024
0.01781268392921024
0.01781268392921024
0.01781268392921024
0.01781268392921024
0.01781268392921024
0.01781268392921024
0.01781268392921024
0.01781268392921024
0.01781268392921024
0.01781268392921024
0.01781268392921024
0.01781268392921024
0.01781268392921024
0.01781268392921024
0.01781268392921024
0.01781268392921024
0.01781268392921024
0.01781268392921024
0.01781268392921024
0.01781268392921024
0.01781268392921024
0.01781268392921024
0.01781268392921024
0.01781268392921024
0.01781268392921024
0.01781268392921024
0.01781268392921024
0.01781268392921024
0.01781268392921024
0.01781268392921024
0.01781268392921024
0.01781268392921024
0.01781268392921024
0.01781268392921024
0.01781268392921024
0.01781268392921024
0.01781268392921024
0.01781268392921024
0.01781268392921024
0.01781268392921024
0.01781268392921024
0.01781268392921024
0.01781268392921024
0.01781268392921024
0.01703871686629699
0.01703871686629699
0.01703871686629699
0.01703871686629699
0.01703871686629699
0.01703871686629699
0.01703871686629699
0.01703871686629699
0.01703871686629699
0.01703871686629699
0.01703871686629699
0.01703871686629699
0.01703871686629699
0.01703871686629699
0.01703871686629699
0.01703871686629699
0.01703871686629699
0.01703871686629699
0.01703871686629699
0.01703871686629699
0.01703871686629699
0.01703871686629699
0.01703871686629699
0.01703871686629699
0.01703871686629699
0.01703871686629699
0.01703871686629699
0.01703871686629699
0.01703871686629699
0.01703871686629699
0.01703871686629699
0.01703871686629699
0.01703871686629699
0.01703871686629699
0.01703871686629699
0.01703871686629699
0.01703871686629699
0.01703871686629699
0.01703871686629699
0.01703871686629699
0.01703871686629699
0.01703871686629699
0.01703871686629699
0.01703871686629699
0.01703871686629699
0.01703871686629699
0.01703871686629699
0.01703871686629699
0.01703871686629699
0.01703871686629699
0.01703871686629699
0.01703871686629699
0.01703871686629699
0.01703871686629699
0.01703871686629699
0.01703871686629699
0.01703871686629699
0.01703871686629699
0.01703871686629699
0.01703871686629699
0.01703871686629699
0.01703871686629699
0.01703871686629699
0.01703871686629699
0.01703871686629699
0.01703871686629699
0.01703871686629699
0.01703871686629699
0.01703871686629699
0.01703871686629699
0.01703871686629699
0.01703871686629699
0.01703871686629699
0.01703871686629699
0.01703871686629699
0.01703871686629699
0.01703871686629699
0.01703871686629699
0.01703871686629699
0.01703871686629699
0.01618802954815964
0.01618802954815964
0.01618802954815964
0.01618802954815964
0.01618802954815964
0.01618802954815964
0.01618802954815964
0.01618802954815964
0.01618802954815964
0.01618802954815964
0.01618802954815964
0.01618802954815964
0.01618802954815964
0.01618802954815964
0.01618802954815964
0.01618802954815964
0.01618802954815964
0.01618802954815964
0.01618802954815964
0.01618802954815964
0.01618802954815964
0.01618802954815964
0.01618802954815964
0.01618802954815964
0.01618802954815964
0.01618802954815964
0.01618802954815964
0.01618802954815964
0.01618802954815964
0.01618802954815964
0.01618802954815964
0.01618802954815964
0.01618802954815964
0.01618802954815964
0.01618802954815964
0.01618802954815964
0.01618802954815964
0.01618802954815964
0.01618802954815964
0.01618802954815964
0.01618802954815964
0.01618802954815964
0.01618802954815964
0.01618802954815964
0.01618802954815964
0.01618802954815964
0.01618802954815964
0.01618802954815964
0.01618802954815964
0.01618802954815964
0.01618802954815964
0.01618802954815964
0.01618802954815964
0.01618802954815964
0.01618802954815964
0.01618802954815964
0.01618802954815964
0.01618802954815964
0.01618802954815964
0.01618802954815964
0.01618802954815964
0.01618802954815964
0.01618802954815964
0.01618802954815964
0.01618802954815964
0.01618802954815964
0.01618802954815964
0.01618802954815964
0.01618802954815964
0.01618802954815964
0.01618802954815964
0.01618802954815964
0.01618802954815964
0.01618802954815964
0.01618802954815964
0.01618802954815964
0.01618802954815964
0.01618802954815964
0.01618802954815964
0.01618802954815964
0.01618802954815964
0.01618802954815964
0.01618802954815964
0.01618802954815964
0.01618802954815964
0.01618802954815964
0.01618802954815964
0.01618802954815964
0.01527081634241395
0.01527081634241395
0.01527081634241395
0.01527081634241395
0.01527081634241395
0.01527081634241395
0.01527081634241395
0.01527081634241395
0.01527081634241395
0.01527081634241395
0.01527081634241395
0.01527081634241395
0.01527081634241395
0.01527081634241395
0.01527081634241395
0.01527081634241395
0.01527081634241395
0.01527081634241395
0.01527081634241395
0.01527081634241395
0.01527081634241395
0.01527081634241395
0.01527081634241395
0.01527081634241395
0.01527081634241395
0.01527081634241395
0.01527081634241395
0.01527081634241395
0.01527081634241395
0.01527081634241395
0.01527081634241395
0.01527081634241395
0.01527081634241395
0.01527081634241395
0.01527081634241395
0.01527081634241395
0.01527081634241395
0.01527081634241395
0.01527081634241395
0.01527081634241395
0.01527081634241395
0.01527081634241395
0.01527081634241395
0.01527081634241395
0.01527081634241395
0.01527081634241395
0.01527081634241395
0.01527081634241395
0.01527081634241395
0.01527081634241395
0.01527081634241395
0.01527081634241395
0.01527081634241395
0.01527081634241395
0.01527081634241395
0.01527081634241395
0.01527081634241395
0.01527081634241395
0.01527081634241395
0.01527081634241395
0.01527081634241395
0.01527081634241395
0.01527081634241395
0.01527081634241395
0.01527081634241395
0.01527081634241395
0.01527081634241395
0.01527081634241395
0.01527081634241395
0.01527081634241395
0.01527081634241395
0.01527081634241395
0.01527081634241395
0.01527081634241395
0.01527081634241395
0.01527081634241395
0.01527081634241395
0.01527081634241395
0.01527081634241395
0.01527081634241395
0.01527081634241395
0.01527081634241395
0.01527081634241395
0.01527081634241395
0.01527081634241395
0.01527081634241395
0.01527081634241395
0.01527081634241395
0.01527081634241395
0.01527081634241395
0.01527081634241395
0.01527081634241395
0.01527081634241395
0.01527081634241395
0.01527081634241395
0.01527081634241395
0.01429683419244912
0.01429683419244912
0.01429683419244912
0.01429683419244912
0.01429683419244912
0.01429683419244912
0.01429683419244912
0.01429683419244912
0.01429683419244912
0.01429683419244912
0.01429683419244912
0.01429683419244912
0.01429683419244912
0.01429683419244912
0.01429683419244912
0.01429683419244912
0.01429683419244912
0.01429683419244912
0.01429683419244912
0.01429683419244912
0.01429683419244912
0.01429683419244912
0.01429683419244912
0.01429683419244912
0.01429683419244912
0.01429683419244912
0.01429683419244912
0.01429683419244912
0.01429683419244912
0.01429683419244912
0.01429683419244912
0.01429683419244912
0.01429683419244912
0.01429683419244912
0.01429683419244912
0.01429683419244912
0.01429683419244912
0.01429683419244912
0.01429683419244912
0.01429683419244912
0.01429683419244912
0.01429683419244912
0.01429683419244912
0.01429683419244912
0.01429683419244912
0.01429683419244912
0.01429683419244912
0.01429683419244912
0.01429683419244912
0.01429683419244912
0.01429683419244912
0.01429683419244912
0.01429683419244912
0.01429683419244912
0.01429683419244912
0.01429683419244912
0.01429683419244912
0.01429683419244912
0.01429683419244912
0.01429683419244912
0.01429683419244912
0.01429683419244912
0.01429683419244912
0.01429683419244912
0.01429683419244912
0.01429683419244912
0.01429683419244912
0.01429683419244912
0.01429683419244912
0.01429683419244912
0.01429683419244912
0.01429683419244912
0.01429683419244912
0.01429683419244912
0.01429683419244912
0.01429683419244912
0.01429683419244912
0.01429683419244912
0.01429683419244912
0.01429683419244912
0.01429683419244912
0.01429683419244912
0.01429683419244912
0.01429683419244912
0.01429683419244912
0.01429683419244912
0.01429683419244912
0.01429683419244912
0.01429683419244912
0.01429683419244912
0.01429683419244912
0.01429683419244912
0.01429683419244912
0.01429683419244912
0.01429683419244912
0.01429683419244912
0.01429683419244912
0.01429683419244912
0.01429683419244912
0.01429683419244912
0.01429683419244912
0.01429683419244912
0.01429683419244912
0.01429683419244912
