Angles: 
0.05569282453560124 0.05569282453560123 0.9968934840746495
0.05569282453560124 0.05569282453560123 -0.9968934840746495
-0.05569282453560123 0.05569282453560124 0.9968934840746495
-0.05569282453560123 0.05569282453560124 -0.9968934840746495
-0.05569282453560125 -0.05569282453560123 0.9968934840746495
-0.05569282453560125 -0.05569282453560123 -0.9968934840746495
0.05569282453560122 -0.05569282453560125 0.9968934840746495
0.05569282453560122 -0.05569282453560125 -0.9968934840746495
0.1662906763304778 0.06887985343227852 0.9836681232797473
0.1662906763304778 0.06887985343227852 -0.9836681232797473
0.06887985343227854 0.1662906763304778 0.9836681232797473
0.06887985343227854 0.1662906763304778 -0.9836681232797473
-0.06887985343227852 0.1662906763304778 0.9836681232797473
-0.06887985343227852 0.1662906763304778 -0.9836681232797473
-0.1662906763304778 0.06887985343227855 0.9836681232797473
-0.1662906763304778 0.06887985343227855 -0.9836681232797473
-0.1662906763304778 -0.06887985343227851 0.9836681232797473
-0.1662906763304778 -0.06887985343227851 -0.9836681232797473
-0.06887985343227863 -0.1662906763304778 0.9836681232797473
-0.06887985343227863 -0.1662906763304778 -0.9836681232797473
0.06887985343227856 -0.1662906763304778 0.9836681232797473
0.06887985343227856 -0.1662906763304778 -0.9836681232797473
0.1662906763304778 -0.06887985343227863 0.9836681232797473
0.1662906763304778 -0.06887985343227863 -0.9836681232797473
0.2703868096254627 0.07244992728317044 0.9600218649683074
0.2703868096254627 0.07244992728317044 -0.9600218649683074
0.1979368823422923 0.1979368823422922 0.9600218649683074
0.1979368823422923 0.1979368823422922 -0.9600218649683074
0.0724499272831705 0.2703868096254627 0.9600218649683074
0.0724499272831705 0.2703868096254627 -0.9600218649683074
-0.0724499272831704 0.2703868096254627 0.9600218649683074
-0.0724499272831704 0.2703868096254627 -0.9600218649683074
-0.1979368823422922 0.1979368823422923 0.9600218649683074
-0.1979368823422922 0.1979368823422923 -0.9600218649683074
-0.2703868096254627 0.07244992728317051 0.9600218649683074
-0.2703868096254627 0.07244992728317051 -0.9600218649683074
-0.2703868096254627 -0.07244992728317033 0.9600218649683074
-0.2703868096254627 -0.07244992728317033 -0.9600218649683074
-0.1979368823422923 -0.1979368823422921 0.9600218649683074
-0.1979368823422923 -0.1979368823422921 -0.9600218649683074
-0.07244992728317065 -0.2703868096254626 0.9600218649683074
-0.07244992728317065 -0.2703868096254626 -0.9600218649683074
0.07244992728317032 -0.2703868096254627 0.9600218649683074
0.07244992728317032 -0.2703868096254627 -0.9600218649683074
0.1979368823422922 -0.1979368823422923 0.9600218649683074
0.1979368823422922 -0.1979368823422923 -0.9600218649683074
0.2703868096254626 -0.07244992728317066 0.9600218649683074
0.2703868096254626 -0.07244992728317066 -0.9600218649683074
0.3697878821225939 0.07355538306131507 0.9262000474292742
0.3697878821225939 0.07355538306131507 -0.9262000474292742
0.3134910292049279 0.2094680088940679 0.9262000474292742
0.3134910292049279 0.2094680088940679 -0.9262000474292742
0.2094680088940679 0.3134910292049279 0.9262000474292742
0.2094680088940679 0.3134910292049279 -0.9262000474292742
0.07355538306131511 0.3697878821225939 0.9262000474292742
0.07355538306131511 0.3697878821225939 -0.9262000474292742
-0.07355538306131505 0.3697878821225939 0.9262000474292742
-0.07355538306131505 0.3697878821225939 -0.9262000474292742
-0.2094680088940678 0.3134910292049279 0.9262000474292742
-0.2094680088940678 0.3134910292049279 -0.9262000474292742
-0.3134910292049279 0.2094680088940679 0.9262000474292742
-0.3134910292049279 0.2094680088940679 -0.9262000474292742
-0.3697878821225939 0.0735553830613152 0.9262000474292742
-0.3697878821225939 0.0735553830613152 -0.9262000474292742
-0.3697878821225939 -0.07355538306131511 0.9262000474292742
-0.3697878821225939 -0.07355538306131511 -0.9262000474292742
-0.3134910292049279 -0.2094680088940678 0.9262000474292742
-0.3134910292049279 -0.2094680088940678 -0.9262000474292742
-0.2094680088940679 -0.3134910292049279 0.9262000474292742
-0.2094680088940679 -0.3134910292049279 -0.9262000474292742
-0.07355538306131523 -0.3697878821225939 0.9262000474292742
-0.07355538306131523 -0.3697878821225939 -0.9262000474292742
0.07355538306131509 -0.3697878821225939 0.9262000474292742
0.07355538306131509 -0.3697878821225939 -0.9262000474292742
0.2094680088940677 -0.3134910292049279 0.9262000474292742
0.2094680088940677 -0.3134910292049279 -0.9262000474292742
0.3134910292049279 -0.2094680088940679 0.9262000474292742
0.3134910292049279 -0.2094680088940679 -0.9262000474292742
0.3697878821225939 -0.07355538306131525 0.9262000474292742
0.3697878821225939 -0.07355538306131525 -0.9262000474292742
0.4644098611167523 0.07355529593417243 0.8825605357920527
0.4644098611167523 0.07355529593417243 -0.8825605357920527
0.4189501881768767 0.2134657829465986 0.8825605357920527
0.4189501881768767 0.2134657829465986 -0.8825605357920527
0.3324807518206466 0.3324807518206466 0.8825605357920527
0.3324807518206466 0.3324807518206466 -0.8825605357920527
0.2134657829465987 0.4189501881768767 0.8825605357920527
0.2134657829465987 0.4189501881768767 -0.8825605357920527
0.07355529593417245 0.4644098611167523 0.8825605357920527
0.07355529593417245 0.4644098611167523 -0.8825605357920527
-0.07355529593417241 0.4644098611167523 0.8825605357920527
-0.07355529593417241 0.4644098611167523 -0.8825605357920527
-0.2134657829465986 0.4189501881768767 0.8825605357920527
-0.2134657829465986 0.4189501881768767 -0.8825605357920527
-0.3324807518206466 0.3324807518206466 0.8825605357920527
-0.3324807518206466 0.3324807518206466 -0.8825605357920527
-0.4189501881768767 0.2134657829465987 0.8825605357920527
-0.4189501881768767 0.2134657829465987 -0.8825605357920527
-0.4644098611167522 0.07355529593417248 0.8825605357920527
-0.4644098611167522 0.07355529593417248 -0.8825605357920527
-0.4644098611167523 -0.07355529593417237 0.8825605357920527
-0.4644098611167523 -0.07355529593417237 -0.8825605357920527
-0.4189501881768767 -0.2134657829465986 0.8825605357920527
-0.4189501881768767 -0.2134657829465986 -0.8825605357920527
-0.3324807518206467 -0.3324807518206466 0.8825605357920527
-0.3324807518206467 -0.3324807518206466 -0.8825605357920527
-0.2134657829465987 -0.4189501881768767 0.8825605357920527
-0.2134657829465987 -0.4189501881768767 -0.8825605357920527
-0.07355529593417251 -0.4644098611167522 0.8825605357920527
-0.07355529593417251 -0.4644098611167522 -0.8825605357920527
0.07355529593417234 -0.4644098611167523 0.8825605357920527
0.07355529593417234 -0.4644098611167523 -0.8825605357920527
0.2134657829465986 -0.4189501881768767 0.8825605357920527
0.2134657829465986 -0.4189501881768767 -0.8825605357920527
0.3324807518206465 -0.3324807518206467 0.8825605357920527
0.3324807518206465 -0.3324807518206467 -0.8825605357920527
0.4189501881768767 -0.2134657829465987 0.8825605357920527
0.4189501881768767 -0.2134657829465987 -0.8825605357920527
0.4644098611167522 -0.07355529593417255 0.8825605357920527
0.4644098611167522 -0.07355529593417255 -0.8825605357920527
0.5536317643118683 0.07288700451537394 0.8295657623827684
0.5536317643118683 0.07288700451537394 -0.8295657623827684
0.5159026744937639 0.2136938846398692 0.8295657623827684
0.5159026744937639 0.2136938846398692 -0.8295657623827684
0.44301566997839 0.3399378796719991 0.8295657623827684
0.44301566997839 0.3399378796719991 -0.8295657623827684
0.3399378796719991 0.44301566997839 0.8295657623827684
0.3399378796719991 0.44301566997839 -0.8295657623827684
0.2136938846398693 0.5159026744937639 0.8295657623827684
0.2136938846398693 0.5159026744937639 -0.8295657623827684
0.07288700451537403 0.5536317643118683 0.8295657623827684
0.07288700451537403 0.5536317643118683 -0.8295657623827684
-0.07288700451537385 0.5536317643118684 0.8295657623827684
-0.07288700451537385 0.5536317643118684 -0.8295657623827684
-0.2136938846398691 0.515902674493764 0.8295657623827684
-0.2136938846398691 0.515902674493764 -0.8295657623827684
-0.339937879671999 0.4430156699783901 0.8295657623827684
-0.339937879671999 0.4430156699783901 -0.8295657623827684
-0.4430156699783899 0.3399378796719992 0.8295657623827684
-0.4430156699783899 0.3399378796719992 -0.8295657623827684
-0.5159026744937639 0.2136938846398693 0.8295657623827684
-0.5159026744937639 0.2136938846398693 -0.8295657623827684
-0.5536317643118683 0.07288700451537418 0.8295657623827684
-0.5536317643118683 0.07288700451537418 -0.8295657623827684
-0.5536317643118684 -0.0728870045153738 0.8295657623827684
-0.5536317643118684 -0.0728870045153738 -0.8295657623827684
-0.515902674493764 -0.2136938846398689 0.8295657623827684
-0.515902674493764 -0.2136938846398689 -0.8295657623827684
-0.4430156699783901 -0.339937879671999 0.8295657623827684
-0.4430156699783901 -0.339937879671999 -0.8295657623827684
-0.3399378796719992 -0.4430156699783899 0.8295657623827684
-0.3399378796719992 -0.4430156699783899 -0.8295657623827684
-0.2136938846398695 -0.5159026744937638 0.8295657623827684
-0.2136938846398695 -0.5159026744937638 -0.8295657623827684
-0.07288700451537446 -0.5536317643118682 0.8295657623827684
-0.07288700451537446 -0.5536317643118682 -0.8295657623827684
0.07288700451537378 -0.5536317643118684 0.8295657623827684
0.07288700451537378 -0.5536317643118684 -0.8295657623827684
0.2136938846398689 -0.515902674493764 0.8295657623827684
0.2136938846398689 -0.515902674493764 -0.8295657623827684
0.3399378796719987 -0.4430156699783903 0.8295657623827684
0.3399378796719987 -0.4430156699783903 -0.8295657623827684
0.4430156699783899 -0.3399378796719992 0.8295657623827684
0.4430156699783899 -0.3399378796719992 -0.8295657623827684
0.5159026744937638 -0.2136938846398696 0.8295657623827684
0.5159026744937638 -0.2136938846398696 -0.8295657623827684
0.5536317643118682 -0.07288700451537451 0.8295657623827684
0.5536317643118682 -0.07288700451537451 -0.8295657623827684
0.6366879497833641 0.0717375031010659 0.7677774321048263
0.6366879497833641 0.0717375031010659 -0.7677774321048263
0.6047617574038776 0.2116152913479844 0.7677774321048263
0.6047617574038776 0.2116152913479844 -0.7677774321048263
0.5425102852429819 0.3408818052582117 0.7677774321048263
0.5425102852429819 0.3408818052582117 -0.7677774321048263
0.4530550820543341 0.4530550820543341 0.7677774321048263
0.4530550820543341 0.4530550820543341 -0.7677774321048263
0.3408818052582117 0.5425102852429818 0.7677774321048263
0.3408818052582117 0.5425102852429818 -0.7677774321048263
0.2116152913479845 0.6047617574038776 0.7677774321048263
0.2116152913479845 0.6047617574038776 -0.7677774321048263
0.07173750310106593 0.6366879497833641 0.7677774321048263
0.07173750310106593 0.6366879497833641 -0.7677774321048263
-0.07173750310106586 0.6366879497833641 0.7677774321048263
-0.07173750310106586 0.6366879497833641 -0.7677774321048263
-0.2116152913479844 0.6047617574038776 0.7677774321048263
-0.2116152913479844 0.6047617574038776 -0.7677774321048263
-0.3408818052582116 0.5425102852429819 0.7677774321048263
-0.3408818052582116 0.5425102852429819 -0.7677774321048263
-0.4530550820543341 0.4530550820543341 0.7677774321048263
-0.4530550820543341 0.4530550820543341 -0.7677774321048263
-0.5425102852429818 0.3408818052582118 0.7677774321048263
-0.5425102852429818 0.3408818052582118 -0.7677774321048263
-0.6047617574038776 0.2116152913479845 0.7677774321048263
-0.6047617574038776 0.2116152913479845 -0.7677774321048263
-0.6366879497833641 0.07173750310106597 0.7677774321048263
-0.6366879497833641 0.07173750310106597 -0.7677774321048263
-0.6366879497833641 -0.07173750310106582 0.7677774321048263
-0.6366879497833641 -0.07173750310106582 -0.7677774321048263
-0.6047617574038776 -0.2116152913479843 0.7677774321048263
-0.6047617574038776 -0.2116152913479843 -0.7677774321048263
-0.5425102852429819 -0.3408818052582116 0.7677774321048263
-0.5425102852429819 -0.3408818052582116 -0.7677774321048263
-0.4530550820543343 -0.4530550820543341 0.7677774321048263
-0.4530550820543343 -0.4530550820543341 -0.7677774321048263
-0.3408818052582118 -0.5425102852429818 0.7677774321048263
-0.3408818052582118 -0.5425102852429818 -0.7677774321048263
-0.2116152913479845 -0.6047617574038776 0.7677774321048263
-0.2116152913479845 -0.6047617574038776 -0.7677774321048263
-0.07173750310106601 -0.6366879497833641 0.7677774321048263
-0.07173750310106601 -0.6366879497833641 -0.7677774321048263
0.07173750310106577 -0.6366879497833641 0.7677774321048263
0.07173750310106577 -0.6366879497833641 -0.7677774321048263
0.2116152913479843 -0.6047617574038777 0.7677774321048263
0.2116152913479843 -0.6047617574038777 -0.7677774321048263
0.3408818052582115 -0.5425102852429819 0.7677774321048263
0.3408818052582115 -0.5425102852429819 -0.7677774321048263
0.453055082054334 -0.4530550820543343 0.7677774321048263
0.453055082054334 -0.4530550820543343 -0.7677774321048263
0.5425102852429817 -0.3408818052582118 0.7677774321048263
0.5425102852429817 -0.3408818052582118 -0.7677774321048263
0.6047617574038776 -0.2116152913479846 0.7677774321048263
0.6047617574038776 -0.2116152913479846 -0.7677774321048263
0.6366879497833641 -0.07173750310106604 0.7677774321048263
0.6366879497833641 -0.07173750310106604 -0.7677774321048263
0.7127945470549402 0.07020413524477531 0.697850494793316
0.7127945470549402 0.07020413524477531 -0.697850494793316
0.6854022523514061 0.2079145001878018 0.697850494793316
0.6854022523514061 0.2079145001878018 -0.697850494793316
0.6316703334680189 0.3376348274884062 0.697850494793316
0.6316703334680189 0.3376348274884062 -0.697850494793316
0.55366367791426 0.4543800377164237 0.697850494793316
0.55366367791426 0.4543800377164237 -0.697850494793316
0.4543800377164237 0.55366367791426 0.697850494793316
0.4543800377164237 0.55366367791426 -0.697850494793316
0.3376348274884063 0.6316703334680189 0.697850494793316
0.3376348274884063 0.6316703334680189 -0.697850494793316
0.2079145001878018 0.6854022523514061 0.697850494793316
0.2079145001878018 0.6854022523514061 -0.697850494793316
0.07020413524477542 0.7127945470549402 0.697850494793316
0.07020413524477542 0.7127945470549402 -0.697850494793316
-0.07020413524477534 0.7127945470549402 0.697850494793316
-0.07020413524477534 0.7127945470549402 -0.697850494793316
-0.2079145001878017 0.6854022523514062 0.697850494793316
-0.2079145001878017 0.6854022523514062 -0.697850494793316
-0.3376348274884062 0.6316703334680189 0.697850494793316
-0.3376348274884062 0.6316703334680189 -0.697850494793316
-0.4543800377164237 0.5536636779142601 0.697850494793316
-0.4543800377164237 0.5536636779142601 -0.697850494793316
-0.55366367791426 0.4543800377164237 0.697850494793316
-0.55366367791426 0.4543800377164237 -0.697850494793316
-0.6316703334680189 0.3376348274884063 0.697850494793316
-0.6316703334680189 0.3376348274884063 -0.697850494793316
-0.6854022523514061 0.2079145001878019 0.697850494793316
-0.6854022523514061 0.2079145001878019 -0.697850494793316
-0.7127945470549402 0.07020413524477546 0.697850494793316
-0.7127945470549402 0.07020413524477546 -0.697850494793316
-0.7127945470549402 -0.0702041352447753 0.697850494793316
-0.7127945470549402 -0.0702041352447753 -0.697850494793316
-0.6854022523514062 -0.2079145001878017 0.697850494793316
-0.6854022523514062 -0.2079145001878017 -0.697850494793316
-0.6316703334680189 -0.3376348274884062 0.697850494793316
-0.6316703334680189 -0.3376348274884062 -0.697850494793316
-0.5536636779142601 -0.4543800377164235 0.697850494793316
-0.5536636779142601 -0.4543800377164235 -0.697850494793316
-0.4543800377164239 -0.5536636779142597 0.697850494793316
-0.4543800377164239 -0.5536636779142597 -0.697850494793316
-0.3376348274884063 -0.6316703334680189 0.697850494793316
-0.3376348274884063 -0.6316703334680189 -0.697850494793316
-0.2079145001878019 -0.6854022523514061 0.697850494793316
-0.2079145001878019 -0.6854022523514061 -0.697850494793316
-0.0702041352447752 -0.7127945470549402 0.697850494793316
-0.0702041352447752 -0.7127945470549402 -0.697850494793316
0.07020413524477494 -0.7127945470549402 0.697850494793316
0.07020413524477494 -0.7127945470549402 -0.697850494793316
0.2079145001878016 -0.6854022523514062 0.697850494793316
0.2079145001878016 -0.6854022523514062 -0.697850494793316
0.3376348274884061 -0.6316703334680189 0.697850494793316
0.3376348274884061 -0.6316703334680189 -0.697850494793316
0.4543800377164238 -0.5536636779142599 0.697850494793316
0.4543800377164238 -0.5536636779142599 -0.697850494793316
0.5536636779142597 -0.454380037716424 0.697850494793316
0.5536636779142597 -0.454380037716424 -0.697850494793316
0.6316703334680188 -0.3376348274884064 0.697850494793316
0.6316703334680188 -0.3376348274884064 -0.697850494793316
0.6854022523514061 -0.2079145001878019 0.697850494793316
0.6854022523514061 -0.2079145001878019 -0.697850494793316
0.7127945470549402 -0.07020413524477524 0.697850494793316
0.7127945470549402 -0.07020413524477524 -0.697850494793316
0.781201664696309 0.06834628958850708 0.620526182989243
0.781201664696309 0.06834628958850708 -0.620526182989243
0.7574652474216279 0.2029622013412657 0.620526182989243
0.7574652474216279 0.2029622013412657 -0.620526182989243
0.7107136318999502 0.3314112093100995 0.620526182989243
0.7107136318999502 0.3314112093100995 -0.620526182989243
0.6423673423114431 0.4497904553862095 0.620526182989243
0.6423673423114431 0.4497904553862095 -0.620526182989243
0.5545030460803622 0.554503046080362 0.620526182989243
0.5545030460803622 0.554503046080362 -0.620526182989243
0.4497904553862095 0.6423673423114431 0.620526182989243
0.4497904553862095 0.6423673423114431 -0.620526182989243
0.3314112093100995 0.7107136318999502 0.620526182989243
0.3314112093100995 0.7107136318999502 -0.620526182989243
0.2029622013412657 0.7574652474216279 0.620526182989243
0.2029622013412657 0.7574652474216279 -0.620526182989243
0.06834628958850723 0.781201664696309 0.620526182989243
0.06834628958850723 0.781201664696309 -0.620526182989243
-0.06834628958850696 0.781201664696309 0.620526182989243
-0.06834628958850696 0.781201664696309 -0.620526182989243
-0.2029622013412656 0.7574652474216279 0.620526182989243
-0.2029622013412656 0.7574652474216279 -0.620526182989243
-0.3314112093100994 0.7107136318999502 0.620526182989243
-0.3314112093100994 0.7107136318999502 -0.620526182989243
-0.4497904553862093 0.6423673423114433 0.620526182989243
-0.4497904553862093 0.6423673423114433 -0.620526182989243
-0.554503046080362 0.5545030460803622 0.620526182989243
-0.554503046080362 0.5545030460803622 -0.620526182989243
-0.642367342311443 0.4497904553862097 0.620526182989243
-0.642367342311443 0.4497904553862097 -0.620526182989243
-0.7107136318999502 0.3314112093100995 0.620526182989243
-0.7107136318999502 0.3314112093100995 -0.620526182989243
-0.7574652474216278 0.2029622013412659 0.620526182989243
-0.7574652474216278 0.2029622013412659 -0.620526182989243
-0.781201664696309 0.06834628958850709 0.620526182989243
-0.781201664696309 0.06834628958850709 -0.620526182989243
-0.781201664696309 -0.0683462895885069 0.620526182989243
-0.781201664696309 -0.0683462895885069 -0.620526182989243
-0.7574652474216279 -0.2029622013412658 0.620526182989243
-0.7574652474216279 -0.2029622013412658 -0.620526182989243
-0.7107136318999502 -0.3314112093100993 0.620526182989243
-0.7107136318999502 -0.3314112093100993 -0.620526182989243
-0.6423673423114433 -0.4497904553862093 0.620526182989243
-0.6423673423114433 -0.4497904553862093 -0.620526182989243
-0.5545030460803623 -0.554503046080362 0.620526182989243
-0.5545030460803623 -0.554503046080362 -0.620526182989243
-0.4497904553862097 -0.6423673423114429 0.620526182989243
-0.4497904553862097 -0.6423673423114429 -0.620526182989243
-0.3314112093100999 -0.71071363189995 0.620526182989243
-0.3314112093100999 -0.71071363189995 -0.620526182989243
-0.2029622013412656 -0.7574652474216279 0.620526182989243
-0.2029622013412656 -0.7574652474216279 -0.620526182989243
-0.06834628958850714 -0.781201664696309 0.620526182989243
-0.06834628958850714 -0.781201664696309 -0.620526182989243
0.06834628958850686 -0.781201664696309 0.620526182989243
0.06834628958850686 -0.781201664696309 -0.620526182989243
0.2029622013412654 -0.757465247421628 0.620526182989243
0.2029622013412654 -0.757465247421628 -0.620526182989243
0.331411209310099 -0.7107136318999504 0.620526182989243
0.331411209310099 -0.7107136318999504 -0.620526182989243
0.4497904553862095 -0.6423673423114431 0.620526182989243
0.4497904553862095 -0.6423673423114431 -0.620526182989243
0.554503046080362 -0.5545030460803623 0.620526182989243
0.554503046080362 -0.5545030460803623 -0.620526182989243
0.6423673423114429 -0.4497904553862098 0.620526182989243
0.6423673423114429 -0.4497904553862098 -0.620526182989243
0.71071363189995 -0.3314112093100999 0.620526182989243
0.71071363189995 -0.3314112093100999 -0.620526182989243
0.7574652474216279 -0.2029622013412657 0.620526182989243
0.7574652474216279 -0.2029622013412657 -0.620526182989243
0.781201664696309 -0.06834628958850719 0.620526182989243
0.781201664696309 -0.06834628958850719 -0.620526182989243
0.8412201616468357 0.0662054625368874 0.53662414814202
0.8412201616468357 0.0662054625368874 -0.53662414814202
0.8205065294174375 0.1969861893996711 0.53662414814202
0.8205065294174375 0.1969861893996711 -0.53662414814202
0.7795893033287333 0.322916462519754 0.53662414814202
0.7795893033287333 0.322916462519754 -0.53662414814202
0.7194760012835147 0.4408954606343045 0.53662414814202
0.7194760012835147 0.4408954606343045 -0.53662414814202
0.6416468122827461 0.5480181492598961 0.53662414814202
0.6416468122827461 0.5480181492598961 -0.53662414814202
0.5480181492598961 0.6416468122827461 0.53662414814202
0.5480181492598961 0.6416468122827461 -0.53662414814202
0.4408954606343045 0.7194760012835146 0.53662414814202
0.4408954606343045 0.7194760012835146 -0.53662414814202
0.322916462519754 0.7795893033287333 0.53662414814202
0.322916462519754 0.7795893033287333 -0.53662414814202
0.1969861893996712 0.8205065294174375 0.53662414814202
0.1969861893996712 0.8205065294174375 -0.53662414814202
0.06620546253688744 0.8412201616468357 0.53662414814202
0.06620546253688744 0.8412201616468357 -0.53662414814202
-0.06620546253688733 0.8412201616468357 0.53662414814202
-0.06620546253688733 0.8412201616468357 -0.53662414814202
-0.1969861893996711 0.8205065294174376 0.53662414814202
-0.1969861893996711 0.8205065294174376 -0.53662414814202
-0.322916462519754 0.7795893033287333 0.53662414814202
-0.322916462519754 0.7795893033287333 -0.53662414814202
-0.4408954606343045 0.7194760012835147 0.53662414814202
-0.4408954606343045 0.7194760012835147 -0.53662414814202
-0.548018149259896 0.6416468122827462 0.53662414814202
-0.548018149259896 0.6416468122827462 -0.53662414814202
-0.641646812282746 0.5480181492598962 0.53662414814202
-0.641646812282746 0.5480181492598962 -0.53662414814202
-0.7194760012835146 0.4408954606343045 0.53662414814202
-0.7194760012835146 0.4408954606343045 -0.53662414814202
-0.7795893033287333 0.3229164625197541 0.53662414814202
-0.7795893033287333 0.3229164625197541 -0.53662414814202
-0.8205065294174375 0.1969861893996712 0.53662414814202
-0.8205065294174375 0.1969861893996712 -0.53662414814202
-0.8412201616468357 0.0662054625368875 0.53662414814202
-0.8412201616468357 0.0662054625368875 -0.53662414814202
-0.8412201616468357 -0.06620546253688729 0.53662414814202
-0.8412201616468357 -0.06620546253688729 -0.53662414814202
-0.8205065294174376 -0.196986189399671 0.53662414814202
-0.8205065294174376 -0.196986189399671 -0.53662414814202
-0.7795893033287334 -0.3229164625197539 0.53662414814202
-0.7795893033287334 -0.3229164625197539 -0.53662414814202
-0.7194760012835147 -0.4408954606343045 0.53662414814202
-0.7194760012835147 -0.4408954606343045 -0.53662414814202
-0.6416468122827462 -0.548018149259896 0.53662414814202
-0.6416468122827462 -0.548018149259896 -0.53662414814202
-0.5480181492598966 -0.6416468122827459 0.53662414814202
-0.5480181492598966 -0.6416468122827459 -0.53662414814202
-0.4408954606343042 -0.7194760012835147 0.53662414814202
-0.4408954606343042 -0.7194760012835147 -0.53662414814202
-0.3229164625197545 -0.7795893033287331 0.53662414814202
-0.3229164625197545 -0.7795893033287331 -0.53662414814202
-0.1969861893996709 -0.8205065294174376 0.53662414814202
-0.1969861893996709 -0.8205065294174376 -0.53662414814202
-0.06620546253688793 -0.8412201616468357 0.53662414814202
-0.06620546253688793 -0.8412201616468357 -0.53662414814202
0.06620546253688762 -0.8412201616468357 0.53662414814202
0.06620546253688762 -0.8412201616468357 -0.53662414814202
0.1969861893996706 -0.8205065294174377 0.53662414814202
0.1969861893996706 -0.8205065294174377 -0.53662414814202
0.3229164625197542 -0.7795893033287332 0.53662414814202
0.3229164625197542 -0.7795893033287332 -0.53662414814202
0.4408954606343041 -0.7194760012835149 0.53662414814202
0.4408954606343041 -0.7194760012835149 -0.53662414814202
0.5480181492598963 -0.641646812282746 0.53662414814202
0.5480181492598963 -0.641646812282746 -0.53662414814202
0.6416468122827458 -0.5480181492598966 0.53662414814202
0.6416468122827458 -0.5480181492598966 -0.53662414814202
0.7194760012835147 -0.4408954606343043 0.53662414814202
0.7194760012835147 -0.4408954606343043 -0.53662414814202
0.7795893033287331 -0.3229164625197545 0.53662414814202
0.7795893033287331 -0.3229164625197545 -0.53662414814202
0.8205065294174376 -0.196986189399671 0.53662414814202
0.8205065294174376 -0.196986189399671 -0.53662414814202
0.8412201616468357 -0.06620546253688797 0.53662414814202
0.8412201616468357 -0.06620546253688797 -0.53662414814202
0.8922379543841487 0.06381411794388787 0.447033769538089
0.8922379543841487 0.06381411794388787 -0.447033769538089
0.8740745626346752 0.1901432824150459 0.447033769538089
0.8740745626346752 0.1901432824150459 -0.447033769538089
0.838117533412851 0.3126016779841804 0.447033769538089
0.838117533412851 0.3126016779841804 -0.447033769538089
0.7850988481421228 0.428696404858355 0.447033769538089
0.7850988481421228 0.428696404858355 -0.447033769538089
0.7160978143613399 0.5360641091879577 0.447033769538089
0.7160978143613399 0.5360641091879577 -0.447033769538089
0.6325190941357292 0.632519094135729 0.447033769538089
0.6325190941357292 0.632519094135729 -0.447033769538089
0.5360641091879577 0.7160978143613399 0.447033769538089
0.5360641091879577 0.7160978143613399 -0.447033769538089
0.428696404858355 0.7850988481421228 0.447033769538089
0.428696404858355 0.7850988481421228 -0.447033769538089
0.3126016779841804 0.838117533412851 0.447033769538089
0.3126016779841804 0.838117533412851 -0.447033769538089
0.1901432824150458 0.8740745626346752 0.447033769538089
0.1901432824150458 0.8740745626346752 -0.447033769538089
0.06381411794388789 0.8922379543841487 0.447033769538089
0.06381411794388789 0.8922379543841487 -0.447033769538089
-0.06381411794388779 0.8922379543841487 0.447033769538089
-0.06381411794388779 0.8922379543841487 -0.447033769538089
-0.1901432824150459 0.8740745626346752 0.447033769538089
-0.1901432824150459 0.8740745626346752 -0.447033769538089
-0.3126016779841803 0.838117533412851 0.447033769538089
-0.3126016779841803 0.838117533412851 -0.447033769538089
-0.428696404858355 0.7850988481421227 0.447033769538089
-0.428696404858355 0.7850988481421227 -0.447033769538089
-0.5360641091879577 0.7160978143613399 0.447033769538089
-0.5360641091879577 0.7160978143613399 -0.447033769538089
-0.632519094135729 0.6325190941357292 0.447033769538089
-0.632519094135729 0.6325190941357292 -0.447033769538089
-0.7160978143613398 0.5360641091879578 0.447033769538089
-0.7160978143613398 0.5360641091879578 -0.447033769538089
-0.7850988481421227 0.4286964048583552 0.447033769538089
-0.7850988481421227 0.4286964048583552 -0.447033769538089
-0.8381175334128511 0.3126016779841803 0.447033769538089
-0.8381175334128511 0.3126016779841803 -0.447033769538089
-0.8740745626346752 0.1901432824150459 0.447033769538089
-0.8740745626346752 0.1901432824150459 -0.447033769538089
-0.8922379543841487 0.06381411794388796 0.447033769538089
-0.8922379543841487 0.06381411794388796 -0.447033769538089
-0.8922379543841487 -0.06381411794388774 0.447033769538089
-0.8922379543841487 -0.06381411794388774 -0.447033769538089
-0.8740745626346753 -0.1901432824150457 0.447033769538089
-0.8740745626346753 -0.1901432824150457 -0.447033769538089
-0.838117533412851 -0.3126016779841804 0.447033769538089
-0.838117533412851 -0.3126016779841804 -0.447033769538089
-0.7850988481421228 -0.428696404858355 0.447033769538089
-0.7850988481421228 -0.428696404858355 -0.447033769538089
-0.7160978143613399 -0.5360641091879577 0.447033769538089
-0.7160978143613399 -0.5360641091879577 -0.447033769538089
-0.6325190941357293 -0.632519094135729 0.447033769538089
-0.6325190941357293 -0.632519094135729 -0.447033769538089
-0.5360641091879578 -0.7160978143613398 0.447033769538089
-0.5360641091879578 -0.7160978143613398 -0.447033769538089
-0.4286964048583553 -0.7850988481421227 0.447033769538089
-0.4286964048583553 -0.7850988481421227 -0.447033769538089
-0.3126016779841807 -0.8381175334128509 0.447033769538089
-0.3126016779841807 -0.8381175334128509 -0.447033769538089
-0.1901432824150463 -0.8740745626346751 0.447033769538089
-0.1901432824150463 -0.8740745626346751 -0.447033769538089
-0.06381411794388761 -0.8922379543841487 0.447033769538089
-0.06381411794388761 -0.8922379543841487 -0.447033769538089
0.06381411794388808 -0.8922379543841487 0.447033769538089
0.06381411794388808 -0.8922379543841487 -0.447033769538089
0.190143282415046 -0.8740745626346752 0.447033769538089
0.190143282415046 -0.8740745626346752 -0.447033769538089
0.3126016779841804 -0.838117533412851 0.447033769538089
0.3126016779841804 -0.838117533412851 -0.447033769538089
0.4286964048583549 -0.7850988481421228 0.447033769538089
0.4286964048583549 -0.7850988481421228 -0.447033769538089
0.5360641091879577 -0.71609781436134 0.447033769538089
0.5360641091879577 -0.71609781436134 -0.447033769538089
0.6325190941357289 -0.6325190941357293 0.447033769538089
0.6325190941357289 -0.6325190941357293 -0.447033769538089
0.7160978143613397 -0.5360641091879579 0.447033769538089
0.7160978143613397 -0.5360641091879579 -0.447033769538089
0.7850988481421227 -0.4286964048583553 0.447033769538089
0.7850988481421227 -0.4286964048583553 -0.447033769538089
0.8381175334128509 -0.3126016779841808 0.447033769538089
0.8381175334128509 -0.3126016779841808 -0.447033769538089
0.8740745626346751 -0.1901432824150464 0.447033769538089
0.8740745626346751 -0.1901432824150464 -0.447033769538089
0.8922379543841487 -0.06381411794388767 0.447033769538089
0.8922379543841487 -0.06381411794388767 -0.447033769538089
0.933731192348381 0.06119997568511416 0.3527047255308782
0.933731192348381 0.06119997568511416 -0.3527047255308782
0.9177547927681056 0.1825527785035313 0.3527047255308782
0.9177547927681056 0.1825527785035313 -0.3527047255308782
0.8860753542338682 0.3007820526685608 0.3527047255308782
0.8860753542338682 0.3007820526685608 -0.3527047255308782
0.8392349207221892 0.4138648625198916 0.3527047255308782
0.8392349207221892 0.4138648625198916 -0.3527047255308782
0.7780349450370749 0.5198663298284892 0.3527047255308782
0.7780349450370749 0.5198663298284892 -0.3527047255308782
0.7035225757303369 0.6169727400995447 0.3527047255308782
0.7035225757303369 0.6169727400995447 -0.3527047255308782
0.6169727400995448 0.7035225757303368 0.3527047255308782
0.6169727400995448 0.7035225757303368 -0.3527047255308782
0.5198663298284895 0.7780349450370748 0.3527047255308782
0.5198663298284895 0.7780349450370748 -0.3527047255308782
0.4138648625198919 0.8392349207221891 0.3527047255308782
0.4138648625198919 0.8392349207221891 -0.3527047255308782
0.300782052668561 0.8860753542338681 0.3527047255308782
0.300782052668561 0.8860753542338681 -0.3527047255308782
0.1825527785035314 0.9177547927681056 0.3527047255308782
0.1825527785035314 0.9177547927681056 -0.3527047255308782
0.06119997568511436 0.933731192348381 0.3527047255308782
0.06119997568511436 0.933731192348381 -0.3527047255308782
-0.06119997568511403 0.933731192348381 0.3527047255308782
-0.06119997568511403 0.933731192348381 -0.3527047255308782
-0.182552778503531 0.9177547927681057 0.3527047255308782
-0.182552778503531 0.9177547927681057 -0.3527047255308782
-0.3007820526685607 0.8860753542338682 0.3527047255308782
-0.3007820526685607 0.8860753542338682 -0.3527047255308782
-0.4138648625198915 0.8392349207221892 0.3527047255308782
-0.4138648625198915 0.8392349207221892 -0.3527047255308782
-0.5198663298284891 0.778034945037075 0.3527047255308782
-0.5198663298284891 0.778034945037075 -0.3527047255308782
-0.6169727400995444 0.7035225757303372 0.3527047255308782
-0.6169727400995444 0.7035225757303372 -0.3527047255308782
-0.7035225757303367 0.6169727400995448 0.3527047255308782
-0.7035225757303367 0.6169727400995448 -0.3527047255308782
-0.7780349450370747 0.5198663298284896 0.3527047255308782
-0.7780349450370747 0.5198663298284896 -0.3527047255308782
-0.839234920722189 0.4138648625198921 0.3527047255308782
-0.839234920722189 0.4138648625198921 -0.3527047255308782
-0.8860753542338681 0.3007820526685611 0.3527047255308782
-0.8860753542338681 0.3007820526685611 -0.3527047255308782
-0.9177547927681056 0.1825527785035316 0.3527047255308782
-0.9177547927681056 0.1825527785035316 -0.3527047255308782
-0.933731192348381 0.06119997568511463 0.3527047255308782
-0.933731192348381 0.06119997568511463 -0.3527047255308782
-0.933731192348381 -0.06119997568511398 0.3527047255308782
-0.933731192348381 -0.06119997568511398 -0.3527047255308782
-0.9177547927681057 -0.182552778503531 0.3527047255308782
-0.9177547927681057 -0.182552778503531 -0.3527047255308782
-0.8860753542338683 -0.3007820526685605 0.3527047255308782
-0.8860753542338683 -0.3007820526685605 -0.3527047255308782
-0.8392349207221892 -0.4138648625198915 0.3527047255308782
-0.8392349207221892 -0.4138648625198915 -0.3527047255308782
-0.7780349450370752 -0.5198663298284891 0.3527047255308782
-0.7780349450370752 -0.5198663298284891 -0.3527047255308782
-0.7035225757303372 -0.6169727400995444 0.3527047255308782
-0.7035225757303372 -0.6169727400995444 -0.3527047255308782
-0.6169727400995449 -0.7035225757303367 0.3527047255308782
-0.6169727400995449 -0.7035225757303367 -0.3527047255308782
-0.51986632982849 -0.7780349450370745 0.3527047255308782
-0.51986632982849 -0.7780349450370745 -0.3527047255308782
-0.4138648625198917 -0.8392349207221891 0.3527047255308782
-0.4138648625198917 -0.8392349207221891 -0.3527047255308782
-0.3007820526685611 -0.8860753542338681 0.3527047255308782
-0.3007820526685611 -0.8860753542338681 -0.3527047255308782
-0.1825527785035317 -0.9177547927681055 0.3527047255308782
-0.1825527785035317 -0.9177547927681055 -0.3527047255308782
-0.06119997568511468 -0.933731192348381 0.3527047255308782
-0.06119997568511468 -0.933731192348381 -0.3527047255308782
0.06119997568511351 -0.9337311923483811 0.3527047255308782
0.06119997568511351 -0.9337311923483811 -0.3527047255308782
0.1825527785035305 -0.9177547927681058 0.3527047255308782
0.1825527785035305 -0.9177547927681058 -0.3527047255308782
0.3007820526685608 -0.8860753542338682 0.3527047255308782
0.3007820526685608 -0.8860753542338682 -0.3527047255308782
0.4138648625198915 -0.8392349207221893 0.3527047255308782
0.4138648625198915 -0.8392349207221893 -0.3527047255308782
0.519866329828489 -0.7780349450370752 0.3527047255308782
0.519866329828489 -0.7780349450370752 -0.3527047255308782
0.6169727400995443 -0.7035225757303373 0.3527047255308782
0.6169727400995443 -0.7035225757303373 -0.3527047255308782
0.7035225757303364 -0.6169727400995452 0.3527047255308782
0.7035225757303364 -0.6169727400995452 -0.3527047255308782
0.7780349450370745 -0.51986632982849 0.3527047255308782
0.7780349450370745 -0.51986632982849 -0.3527047255308782
0.8392349207221886 -0.4138648625198926 0.3527047255308782
0.8392349207221886 -0.4138648625198926 -0.3527047255308782
0.8860753542338681 -0.3007820526685612 0.3527047255308782
0.8860753542338681 -0.3007820526685612 -0.3527047255308782
0.9177547927681055 -0.1825527785035317 0.3527047255308782
0.9177547927681055 -0.1825527785035317 -0.3527047255308782
0.933731192348381 -0.06119997568511473 0.3527047255308782
0.933731192348381 -0.06119997568511473 -0.3527047255308782
0.9652724232318614 0.05838822466781193 0.2546369261678898
0.9652724232318614 0.05838822466781193 -0.2546369261678898
0.9511965776969413 0.1743132422089475 0.2546369261678898
0.9511965776969413 0.1743132422089475 -0.2546369261678898
0.9232501441510441 0.2876963801594394 0.2546369261678898
0.9232501441510441 0.2876963801594394 -0.2546369261678898
0.8818406445251569 0.3968842570513782 0.2546369261678898
0.8818406445251569 0.3968842570513782 -0.2546369261678898
0.8275719225698973 0.5002846677699931 0.2546369261678898
0.8275719225698973 0.5002846677699931 -0.2546369261678898
0.7612353384538926 0.5963898014895596 0.2546369261678898
0.7612353384538926 0.5963898014895596 -0.2546369261678898
0.6837982289505321 0.683798228950532 0.2546369261678898
0.6837982289505321 0.683798228950532 -0.2546369261678898
0.5963898014895596 0.7612353384538926 0.2546369261678898
0.5963898014895596 0.7612353384538926 -0.2546369261678898
0.5002846677699931 0.8275719225698973 0.2546369261678898
0.5002846677699931 0.8275719225698973 -0.2546369261678898
0.3968842570513784 0.8818406445251569 0.2546369261678898
0.3968842570513784 0.8818406445251569 -0.2546369261678898
0.2876963801594395 0.9232501441510441 0.2546369261678898
0.2876963801594395 0.9232501441510441 -0.2546369261678898
0.1743132422089477 0.9511965776969413 0.2546369261678898
0.1743132422089477 0.9511965776969413 -0.2546369261678898
0.05838822466781216 0.9652724232318614 0.2546369261678898
0.05838822466781216 0.9652724232318614 -0.2546369261678898
-0.05838822466781182 0.9652724232318614 0.2546369261678898
-0.05838822466781182 0.9652724232318614 -0.2546369261678898
-0.1743132422089473 0.9511965776969413 0.2546369261678898
-0.1743132422089473 0.9511965776969413 -0.2546369261678898
-0.2876963801594394 0.9232501441510442 0.2546369261678898
-0.2876963801594394 0.9232501441510442 -0.2546369261678898
-0.396884257051378 0.881840644525157 0.2546369261678898
-0.396884257051378 0.881840644525157 -0.2546369261678898
-0.5002846677699929 0.8275719225698975 0.2546369261678898
-0.5002846677699929 0.8275719225698975 -0.2546369261678898
-0.5963898014895596 0.7612353384538926 0.2546369261678898
-0.5963898014895596 0.7612353384538926 -0.2546369261678898
-0.683798228950532 0.6837982289505321 0.2546369261678898
-0.683798228950532 0.6837982289505321 -0.2546369261678898
-0.7612353384538925 0.5963898014895597 0.2546369261678898
-0.7612353384538925 0.5963898014895597 -0.2546369261678898
-0.8275719225698972 0.5002846677699934 0.2546369261678898
-0.8275719225698972 0.5002846677699934 -0.2546369261678898
-0.8818406445251568 0.3968842570513785 0.2546369261678898
-0.8818406445251568 0.3968842570513785 -0.2546369261678898
-0.9232501441510441 0.2876963801594395 0.2546369261678898
-0.9232501441510441 0.2876963801594395 -0.2546369261678898
-0.9511965776969413 0.1743132422089477 0.2546369261678898
-0.9511965776969413 0.1743132422089477 -0.2546369261678898
-0.9652724232318614 0.05838822466781221 0.2546369261678898
-0.9652724232318614 0.05838822466781221 -0.2546369261678898
-0.9652724232318614 -0.05838822466781154 0.2546369261678898
-0.9652724232318614 -0.05838822466781154 -0.2546369261678898
-0.9511965776969413 -0.1743132422089475 0.2546369261678898
-0.9511965776969413 -0.1743132422089475 -0.2546369261678898
-0.9232501441510442 -0.2876963801594393 0.2546369261678898
-0.9232501441510442 -0.2876963801594393 -0.2546369261678898
-0.881840644525157 -0.396884257051378 0.2546369261678898
-0.881840644525157 -0.396884257051378 -0.2546369261678898
-0.8275719225698975 -0.5002846677699928 0.2546369261678898
-0.8275719225698975 -0.5002846677699928 -0.2546369261678898
-0.7612353384538929 -0.5963898014895592 0.2546369261678898
-0.7612353384538929 -0.5963898014895592 -0.2546369261678898
-0.6837982289505322 -0.683798228950532 0.2546369261678898
-0.6837982289505322 -0.683798228950532 -0.2546369261678898
-0.5963898014895601 -0.7612353384538921 0.2546369261678898
-0.5963898014895601 -0.7612353384538921 -0.2546369261678898
-0.5002846677699935 -0.8275719225698971 0.2546369261678898
-0.5002846677699935 -0.8275719225698971 -0.2546369261678898
-0.3968842570513783 -0.8818406445251569 0.2546369261678898
-0.3968842570513783 -0.8818406445251569 -0.2546369261678898
-0.28769638015944 -0.923250144151044 0.2546369261678898
-0.28769638015944 -0.923250144151044 -0.2546369261678898
-0.1743132422089478 -0.9511965776969413 0.2546369261678898
-0.1743132422089478 -0.9511965776969413 -0.2546369261678898
-0.0583882246678127 -0.9652724232318612 0.2546369261678898
-0.0583882246678127 -0.9652724232318612 -0.2546369261678898
0.05838822466781149 -0.9652724232318614 0.2546369261678898
0.05838822466781149 -0.9652724232318614 -0.2546369261678898
0.1743132422089474 -0.9511965776969413 0.2546369261678898
0.1743132422089474 -0.9511965776969413 -0.2546369261678898
0.2876963801594388 -0.9232501441510443 0.2546369261678898
0.2876963801594388 -0.9232501441510443 -0.2546369261678898
0.3968842570513779 -0.881840644525157 0.2546369261678898
0.3968842570513779 -0.881840644525157 -0.2546369261678898
0.5002846677699931 -0.8275719225698973 0.2546369261678898
0.5002846677699931 -0.8275719225698973 -0.2546369261678898
0.5963898014895592 -0.7612353384538929 0.2546369261678898
0.5963898014895592 -0.7612353384538929 -0.2546369261678898
0.6837982289505319 -0.6837982289505322 0.2546369261678898
0.6837982289505319 -0.6837982289505322 -0.2546369261678898
0.7612353384538921 -0.5963898014895601 0.2546369261678898
0.7612353384538921 -0.5963898014895601 -0.2546369261678898
0.8275719225698971 -0.5002846677699935 0.2546369261678898
0.8275719225698971 -0.5002846677699935 -0.2546369261678898
0.8818406445251569 -0.3968842570513783 0.2546369261678898
0.8818406445251569 -0.3968842570513783 -0.2546369261678898
0.923250144151044 -0.28769638015944 0.2546369261678898
0.923250144151044 -0.28769638015944 -0.2546369261678898
0.9511965776969413 -0.1743132422089478 0.2546369261678898
0.9511965776969413 -0.1743132422089478 -0.2546369261678898
0.9652724232318612 -0.05838822466781277 0.2546369261678898
0.9652724232318612 -0.05838822466781277 -0.2546369261678898
0.9865366639592187 0.05540271067648908 0.1538699136085837
0.9865366639592187 0.05540271067648908 -0.1538699136085837
0.9741303930080262 0.1655114107973089 0.1538699136085837
0.9741303930080262 0.1655114107973089 -0.1538699136085837
0.9494738671611386 0.2735387088953951 0.1538699136085837
0.9494738671611386 0.2735387088953951 -0.1538699136085837
0.9128771565371299 0.3781260990182661 0.1538699136085837
0.9128771565371299 0.3781260990182661 -0.1538699136085837
0.8648004860060031 0.4779583340521094 0.1538699136085837
0.8648004860060031 0.4779583340521094 -0.1538699136085837
0.8058484475944213 0.5717799657173624 0.1538699136085837
0.8058484475944213 0.5717799657173624 -0.1538699136085837
0.7367623973901796 0.658411132559256 0.1538699136085837
0.7367623973901796 0.658411132559256 -0.1538699136085837
0.658411132559256 0.7367623973901796 0.1538699136085837
0.658411132559256 0.7367623973901796 -0.1538699136085837
0.5717799657173624 0.8058484475944213 0.1538699136085837
0.5717799657173624 0.8058484475944213 -0.1538699136085837
0.4779583340521094 0.8648004860060031 0.1538699136085837
0.4779583340521094 0.8648004860060031 -0.1538699136085837
0.3781260990182662 0.9128771565371299 0.1538699136085837
0.3781260990182662 0.9128771565371299 -0.1538699136085837
0.2735387088953952 0.9494738671611385 0.1538699136085837
0.2735387088953952 0.9494738671611385 -0.1538699136085837
0.165511410797309 0.9741303930080262 0.1538699136085837
0.165511410797309 0.9741303930080262 -0.1538699136085837
0.05540271067648914 0.9865366639592187 0.1538699136085837
0.05540271067648914 0.9865366639592187 -0.1538699136085837
-0.05540271067648902 0.9865366639592187 0.1538699136085837
-0.05540271067648902 0.9865366639592187 -0.1538699136085837
-0.1655114107973088 0.9741303930080262 0.1538699136085837
-0.1655114107973088 0.9741303930080262 -0.1538699136085837
-0.2735387088953951 0.9494738671611386 0.1538699136085837
-0.2735387088953951 0.9494738671611386 -0.1538699136085837
-0.378126099018266 0.9128771565371299 0.1538699136085837
-0.378126099018266 0.9128771565371299 -0.1538699136085837
-0.4779583340521093 0.8648004860060031 0.1538699136085837
-0.4779583340521093 0.8648004860060031 -0.1538699136085837
-0.5717799657173624 0.8058484475944213 0.1538699136085837
-0.5717799657173624 0.8058484475944213 -0.1538699136085837
-0.658411132559256 0.7367623973901797 0.1538699136085837
-0.658411132559256 0.7367623973901797 -0.1538699136085837
-0.7367623973901796 0.6584111325592561 0.1538699136085837
-0.7367623973901796 0.6584111325592561 -0.1538699136085837
-0.8058484475944213 0.5717799657173624 0.1538699136085837
-0.8058484475944213 0.5717799657173624 -0.1538699136085837
-0.8648004860060031 0.4779583340521094 0.1538699136085837
-0.8648004860060031 0.4779583340521094 -0.1538699136085837
-0.9128771565371299 0.3781260990182662 0.1538699136085837
-0.9128771565371299 0.3781260990182662 -0.1538699136085837
-0.9494738671611385 0.2735387088953952 0.1538699136085837
-0.9494738671611385 0.2735387088953952 -0.1538699136085837
-0.9741303930080262 0.165511410797309 0.1538699136085837
-0.9741303930080262 0.165511410797309 -0.1538699136085837
-0.9865366639592187 0.0554027106764892 0.1538699136085837
-0.9865366639592187 0.0554027106764892 -0.1538699136085837
-0.9865366639592187 -0.05540271067648896 0.1538699136085837
-0.9865366639592187 -0.05540271067648896 -0.1538699136085837
-0.9741303930080262 -0.1655114107973088 0.1538699136085837
-0.9741303930080262 -0.1655114107973088 -0.1538699136085837
-0.9494738671611386 -0.273538708895395 0.1538699136085837
-0.9494738671611386 -0.273538708895395 -0.1538699136085837
-0.91287715653713 -0.378126099018266 0.1538699136085837
-0.91287715653713 -0.378126099018266 -0.1538699136085837
-0.8648004860060032 -0.4779583340521092 0.1538699136085837
-0.8648004860060032 -0.4779583340521092 -0.1538699136085837
-0.8058484475944214 -0.5717799657173623 0.1538699136085837
-0.8058484475944214 -0.5717799657173623 -0.1538699136085837
-0.7367623973901797 -0.6584111325592559 0.1538699136085837
-0.7367623973901797 -0.6584111325592559 -0.1538699136085837
-0.6584111325592561 -0.7367623973901795 0.1538699136085837
-0.6584111325592561 -0.7367623973901795 -0.1538699136085837
-0.5717799657173628 -0.8058484475944211 0.1538699136085837
-0.5717799657173628 -0.8058484475944211 -0.1538699136085837
-0.4779583340521091 -0.8648004860060032 0.1538699136085837
-0.4779583340521091 -0.8648004860060032 -0.1538699136085837
-0.3781260990182667 -0.9128771565371296 0.1538699136085837
-0.3781260990182667 -0.9128771565371296 -0.1538699136085837
-0.2735387088953949 -0.9494738671611386 0.1538699136085837
-0.2735387088953949 -0.9494738671611386 -0.1538699136085837
-0.1655114107973095 -0.9741303930080261 0.1538699136085837
-0.1655114107973095 -0.9741303930080261 -0.1538699136085837
-0.05540271067648882 -0.9865366639592187 0.1538699136085837
-0.05540271067648882 -0.9865366639592187 -0.1538699136085837
0.05540271067648846 -0.9865366639592187 0.1538699136085837
0.05540271067648846 -0.9865366639592187 -0.1538699136085837
0.1655114107973092 -0.9741303930080262 0.1538699136085837
0.1655114107973092 -0.9741303930080262 -0.1538699136085837
0.2735387088953945 -0.9494738671611387 0.1538699136085837
0.2735387088953945 -0.9494738671611387 -0.1538699136085837
0.3781260990182663 -0.9128771565371298 0.1538699136085837
0.3781260990182663 -0.9128771565371298 -0.1538699136085837
0.4779583340521088 -0.8648004860060035 0.1538699136085837
0.4779583340521088 -0.8648004860060035 -0.1538699136085837
0.5717799657173626 -0.8058484475944212 0.1538699136085837
0.5717799657173626 -0.8058484475944212 -0.1538699136085837
0.6584111325592555 -0.73676239739018 0.1538699136085837
0.6584111325592555 -0.73676239739018 -0.1538699136085837
0.7367623973901798 -0.6584111325592559 0.1538699136085837
0.7367623973901798 -0.6584111325592559 -0.1538699136085837
0.8058484475944211 -0.5717799657173629 0.1538699136085837
0.8058484475944211 -0.5717799657173629 -0.1538699136085837
0.8648004860060032 -0.4779583340521091 0.1538699136085837
0.8648004860060032 -0.4779583340521091 -0.1538699136085837
0.9128771565371296 -0.3781260990182667 0.1538699136085837
0.9128771565371296 -0.3781260990182667 -0.1538699136085837
0.9494738671611386 -0.2735387088953949 0.1538699136085837
0.9494738671611386 -0.2735387088953949 -0.1538699136085837
0.9741303930080261 -0.1655114107973095 0.1538699136085837
0.9741303930080261 -0.1655114107973095 -0.1538699136085837
0.9865366639592187 -0.05540271067648888 0.1538699136085837
0.9865366639592187 -0.05540271067648888 -0.1538699136085837
0.9973057975455312 0.05226658211546357 0.05147184255531778
0.9973057975455312 0.05226658211546357 -0.05147184255531778
0.9863791065279671 0.1562271027352482 0.05147184255531778
0.9863791065279671 0.1562271027352482 -0.05147184255531778
0.9646454396061845 0.2584759665248424 0.05147184255531778
0.9646454396061845 0.2584759665248424 -0.05147184255531778
0.9323429153830407 0.3578929135356171 0.05147184255531778
0.9323429153830407 0.3578929135356171 -0.05147184255531778
0.8898254470736621 0.4533887108917887 0.05147184255531778
0.8898254470736621 0.4533887108917887 -0.05147184255531778
0.8375588649581985 0.5439170866537424 0.05147184255531778
0.8375588649581985 0.5439170866537424 -0.05147184255531778
0.7761158126477924 0.6284861929923499 0.05147184255531778
0.7761158126477924 0.6284861929923499 -0.05147184255531778
0.706169473081342 0.7061694730813419 0.05147184255531778
0.706169473081342 0.7061694730813419 -0.05147184255531778
0.62848619299235 0.7761158126477923 0.05147184255531778
0.62848619299235 0.7761158126477923 -0.05147184255531778
0.5439170866537425 0.8375588649581984 0.05147184255531778
0.5439170866537425 0.8375588649581984 -0.05147184255531778
0.4533887108917888 0.8898254470736621 0.05147184255531778
0.4533887108917888 0.8898254470736621 -0.05147184255531778
0.3578929135356173 0.9323429153830407 0.05147184255531778
0.3578929135356173 0.9323429153830407 -0.05147184255531778
0.2584759665248427 0.9646454396061844 0.05147184255531778
0.2584759665248427 0.9646454396061844 -0.05147184255531778
0.1562271027352483 0.9863791065279671 0.05147184255531778
0.1562271027352483 0.9863791065279671 -0.05147184255531778
0.05226658211546371 0.9973057975455312 0.05147184255531778
0.05226658211546371 0.9973057975455312 -0.05147184255531778
-0.05226658211546336 0.9973057975455312 0.05147184255531778
-0.05226658211546336 0.9973057975455312 -0.05147184255531778
-0.1562271027352482 0.9863791065279671 0.05147184255531778
-0.1562271027352482 0.9863791065279671 -0.05147184255531778
-0.2584759665248423 0.9646454396061845 0.05147184255531778
-0.2584759665248423 0.9646454396061845 -0.05147184255531778
-0.357892913535617 0.9323429153830408 0.05147184255531778
-0.357892913535617 0.9323429153830408 -0.05147184255531778
-0.4533887108917887 0.8898254470736621 0.05147184255531778
-0.4533887108917887 0.8898254470736621 -0.05147184255531778
-0.5439170866537422 0.8375588649581988 0.05147184255531778
-0.5439170866537422 0.8375588649581988 -0.05147184255531778
-0.6284861929923498 0.7761158126477925 0.05147184255531778
-0.6284861929923498 0.7761158126477925 -0.05147184255531778
-0.7061694730813419 0.706169473081342 0.05147184255531778
-0.7061694730813419 0.706169473081342 -0.05147184255531778
-0.7761158126477922 0.6284861929923502 0.05147184255531778
-0.7761158126477922 0.6284861929923502 -0.05147184255531778
-0.8375588649581984 0.5439170866537427 0.05147184255531778
-0.8375588649581984 0.5439170866537427 -0.05147184255531778
-0.889825447073662 0.4533887108917888 0.05147184255531778
-0.889825447073662 0.4533887108917888 -0.05147184255531778
-0.9323429153830406 0.3578929135356176 0.05147184255531778
-0.9323429153830406 0.3578929135356176 -0.05147184255531778
-0.9646454396061844 0.2584759665248427 0.05147184255531778
-0.9646454396061844 0.2584759665248427 -0.05147184255531778
-0.986379106527967 0.1562271027352483 0.05147184255531778
-0.986379106527967 0.1562271027352483 -0.05147184255531778
-0.9973057975455312 0.05226658211546399 0.05147184255531778
-0.9973057975455312 0.05226658211546399 -0.05147184255531778
-0.9973057975455312 -0.0522665821154633 0.05147184255531778
-0.9973057975455312 -0.0522665821154633 -0.05147184255531778
-0.9863791065279671 -0.1562271027352481 0.05147184255531778
-0.9863791065279671 -0.1562271027352481 -0.05147184255531778
-0.9646454396061847 -0.2584759665248421 0.05147184255531778
-0.9646454396061847 -0.2584759665248421 -0.05147184255531778
-0.9323429153830408 -0.3578929135356169 0.05147184255531778
-0.9323429153830408 -0.3578929135356169 -0.05147184255531778
-0.8898254470736621 -0.4533887108917886 0.05147184255531778
-0.8898254470736621 -0.4533887108917886 -0.05147184255531778
-0.8375588649581988 -0.5439170866537422 0.05147184255531778
-0.8375588649581988 -0.5439170866537422 -0.05147184255531778
-0.7761158126477926 -0.6284861929923498 0.05147184255531778
-0.7761158126477926 -0.6284861929923498 -0.05147184255531778
-0.7061694730813421 -0.7061694730813419 0.05147184255531778
-0.7061694730813421 -0.7061694730813419 -0.05147184255531778
-0.6284861929923503 -0.7761158126477921 0.05147184255531778
-0.6284861929923503 -0.7761158126477921 -0.05147184255531778
-0.5439170866537432 -0.8375588649581981 0.05147184255531778
-0.5439170866537432 -0.8375588649581981 -0.05147184255531778
-0.4533887108917889 -0.889825447073662 0.05147184255531778
-0.4533887108917889 -0.889825447073662 -0.05147184255531778
-0.3578929135356176 -0.9323429153830405 0.05147184255531778
-0.3578929135356176 -0.9323429153830405 -0.05147184255531778
-0.2584759665248432 -0.9646454396061843 0.05147184255531778
-0.2584759665248432 -0.9646454396061843 -0.05147184255531778
-0.1562271027352484 -0.986379106527967 0.05147184255531778
-0.1562271027352484 -0.986379106527967 -0.05147184255531778
-0.05226658211546405 -0.9973057975455312 0.05147184255531778
-0.05226658211546405 -0.9973057975455312 -0.05147184255531778
0.0522665821154628 -0.9973057975455313 0.05147184255531778
0.0522665821154628 -0.9973057975455313 -0.05147184255531778
0.156227102735248 -0.9863791065279671 0.05147184255531778
0.156227102735248 -0.9863791065279671 -0.05147184255531778
0.258475966524842 -0.9646454396061847 0.05147184255531778
0.258475966524842 -0.9646454396061847 -0.05147184255531778
0.3578929135356165 -0.932342915383041 0.05147184255531778
0.3578929135356165 -0.932342915383041 -0.05147184255531778
0.4533887108917886 -0.8898254470736621 0.05147184255531778
0.4533887108917886 -0.8898254470736621 -0.05147184255531778
0.5439170866537421 -0.8375588649581988 0.05147184255531778
0.5439170866537421 -0.8375588649581988 -0.05147184255531778
0.6284861929923493 -0.7761158126477928 0.05147184255531778
0.6284861929923493 -0.7761158126477928 -0.05147184255531778
0.7061694730813418 -0.7061694730813421 0.05147184255531778
0.7061694730813418 -0.7061694730813421 -0.05147184255531778
0.7761158126477921 -0.6284861929923503 0.05147184255531778
0.7761158126477921 -0.6284861929923503 -0.05147184255531778
0.8375588649581981 -0.5439170866537432 0.05147184255531778
0.8375588649581981 -0.5439170866537432 -0.05147184255531778
0.889825447073662 -0.4533887108917889 0.05147184255531778
0.889825447073662 -0.4533887108917889 -0.05147184255531778
0.9323429153830405 -0.3578929135356177 0.05147184255531778
0.9323429153830405 -0.3578929135356177 -0.05147184255531778
0.9646454396061843 -0.2584759665248433 0.05147184255531778
0.9646454396061843 -0.2584759665248433 -0.05147184255531778
0.986379106527967 -0.1562271027352485 0.05147184255531778
0.986379106527967 -0.1562271027352485 -0.05147184255531778
0.9973057975455312 -0.05226658211546411 0.05147184255531778
0.9973057975455312 -0.05226658211546411 -0.05147184255531778

Weights: 
0.01251640750417289
0.01251640750417289
0.01251640750417289
0.01251640750417289
0.01251640750417289
0.01251640750417289
0.01251640750417289
0.01251640750417289
0.01450353029596806
0.01450353029596806
0.01450353029596806
0.01450353029596806
0.01450353029596806
0.01450353029596806
0.01450353029596806
0.01450353029596806
0.01450353029596806
0.01450353029596806
0.01450353029596806
0.01450353029596806
0.01450353029596806
0.01450353029596806
0.01450353029596806
0.01450353029596806
0.01507163780366285
0.01507163780366285
0.01507163780366285
0.01507163780366285
0.01507163780366285
0.01507163780366285
0.01507163780366285
0.01507163780366285
0.01507163780366285
0.01507163780366285
0.01507163780366285
0.01507163780366285
0.01507163780366285
0.01507163780366285
0.01507163780366285
0.01507163780366285
0.01507163780366285
0.01507163780366285
0.01507163780366285
0.01507163780366285
0.01507163780366285
0.01507163780366285
0.01507163780366285
0.01507163780366285
0.01523640729274448
0.01523640729274448
0.01523640729274448
0.01523640729274448
0.01523640729274448
0.01523640729274448
0.01523640729274448
0.01523640729274448
0.01523640729274448
0.01523640729274448
0.01523640729274448
0.01523640729274448
0.01523640729274448
0.01523640729274448
0.01523640729274448
0.01523640729274448
0.01523640729274448
0.01523640729274448
0.01523640729274448
0.01523640729274448
0.01523640729274448
0.01523640729274448
0.01523640729274448
0.01523640729274448
0.01523640729274448
0.01523640729274448
0.01523640729274448
0.01523640729274448
0.01523640729274448
0.01523640729274448
0.01523640729274448
0.01523640729274448
0.01520614813787047
0.01520614813787047
0.01520614813787047
0.01520614813787047
0.01520614813787047
0.01520614813787047
0.01520614813787047
0.01520614813787047
0.01520614813787047
0.01520614813787047
0.01520614813787047
0.01520614813787047
0.01520614813787047
0.01520614813787047
0.01520614813787047
0.01520614813787047
0.01520614813787047
0.01520614813787047
0.01520614813787047
0.01520614813787047
0.01520614813787047
0.01520614813787047
0.01520614813787047
0.01520614813787047
0.01520614813787047
0.01520614813787047
0.01520614813787047
0.01520614813787047
0.01520614813787047
0.01520614813787047
0.01520614813787047
0.01520614813787047
0.01520614813787047
0.01520614813787047
0.01520614813787047
0.01520614813787047
0.01520614813787047
0.01520614813787047
0.01520614813787047
0.01520614813787047
0.01505167310041353
0.01505167310041353
0.01505167310041353
0.01505167310041353
0.01505167310041353
0.01505167310041353
0.01505167310041353
0.01505167310041353
0.01505167310041353
0.01505167310041353
0.01505167310041353
0.01505167310041353
0.01505167310041353
0.01505167310041353
0.01505167310041353
0.01505167310041353
0.01505167310041353
0.01505167310041353
0.01505167310041353
0.01505167310041353
0.01505167310041353
0.01505167310041353
0.01505167310041353
0.01505167310041353
0.01505167310041353
0.01505167310041353
0.01505167310041353
0.01505167310041353
0.01505167310041353
0.01505167310041353
0.01505167310041353
0.01505167310041353
0.01505167310041353
0.01505167310041353
0.01505167310041353
0.01505167310041353
0.01505167310041353
0.01505167310041353
0.01505167310041353
0.01505167310041353
0.01505167310041353
0.01505167310041353
0.01505167310041353
0.01505167310041353
0.01505167310041353
0.01505167310041353
0.01505167310041353
0.01505167310041353
0.01480458256600732
0.01480458256600732
0.01480458256600732
0.01480458256600732
0.01480458256600732
0.01480458256600732
0.01480458256600732
0.01480458256600732
0.01480458256600732
0.01480458256600732
0.01480458256600732
0.01480458256600732
0.01480458256600732
0.01480458256600732
0.01480458256600732
0.01480458256600732
0.01480458256600732
0.01480458256600732
0.01480458256600732
0.01480458256600732
0.01480458256600732
0.01480458256600732
0.01480458256600732
0.01480458256600732
0.01480458256600732
0.01480458256600732
0.01480458256600732
0.01480458256600732
0.01480458256600732
0.01480458256600732
0.01480458256600732
0.01480458256600732
0.01480458256600732
0.01480458256600732
0.01480458256600732
0.01480458256600732
0.01480458256600732
0.01480458256600732
0.01480458256600732
0.01480458256600732
0.01480458256600732
0.01480458256600732
0.01480458256600732
0.01480458256600732
0.01480458256600732
0.01480458256600732
0.01480458256600732
0.01480458256600732
0.01480458256600732
0.01480458256600732
0.01480458256600732
0.01480458256600732
0.01480458256600732
0.01480458256600732
0.01480458256600732
0.01480458256600732
0.01448195177464556
0.01448195177464556
0.01448195177464556
0.01448195177464556
0.01448195177464556
0.01448195177464556
0.01448195177464556
0.01448195177464556
0.01448195177464556
0.01448195177464556
0.01448195177464556
0.01448195177464556
0.01448195177464556
0.01448195177464556
0.01448195177464556
0.01448195177464556
0.01448195177464556
0.01448195177464556
0.01448195177464556
0.01448195177464556
0.01448195177464556
0.01448195177464556
0.01448195177464556
0.01448195177464556
0.01448195177464556
0.01448195177464556
0.01448195177464556
0.01448195177464556
0.01448195177464556
0.01448195177464556
0.01448195177464556
0.01448195177464556
0.01448195177464556
0.01448195177464556
0.01448195177464556
0.01448195177464556
0.01448195177464556
0.01448195177464556
0.01448195177464556
0.01448195177464556
0.01448195177464556
0.01448195177464556
0.01448195177464556
0.01448195177464556
0.01448195177464556
0.01448195177464556
0.01448195177464556
0.01448195177464556
0.01448195177464556
0.01448195177464556
0.01448195177464556
0.01448195177464556
0.01448195177464556
0.01448195177464556
0.01448195177464556
0.01448195177464556
0.01448195177464556
0.01448195177464556
0.01448195177464556
0.01448195177464556
0.01448195177464556
0.01448195177464556
0.01448195177464556
0.01448195177464556
0.01409456262148965
0.01409456262148965
0.01409456262148965
0.01409456262148965
0.01409456262148965
0.01409456262148965
0.01409456262148965
0.01409456262148965
0.01409456262148965
0.01409456262148965
0.01409456262148965
0.01409456262148965
0.01409456262148965
0.01409456262148965
0.01409456262148965
0.01409456262148965
0.01409456262148965
0.01409456262148965
0.01409456262148965
0.01409456262148965
0.01409456262148965
0.01409456262148965
0.01409456262148965
0.01409456262148965
0.01409456262148965
0.01409456262148965
0.01409456262148965
0.01409456262148965
0.01409456262148965
0.01409456262148965
0.01409456262148965
0.01409456262148965
0.01409456262148965
0.01409456262148965
0.01409456262148965
0.01409456262148965
0.01409456262148965
0.01409456262148965
0.01409456262148965
0.01409456262148965
0.01409456262148965
0.01409456262148965
0.01409456262148965
0.01409456262148965
0.01409456262148965
0.01409456262148965
0.01409456262148965
0.01409456262148965
0.01409456262148965
0.01409456262148965
0.01409456262148965
0.01409456262148965
0.01409456262148965
0.01409456262148965
0.01409456262148965
0.01409456262148965
0.01409456262148965
0.01409456262148965
0.01409456262148965
0.01409456262148965
0.01409456262148965
0.01409456262148965
0.01409456262148965
0.01409456262148965
0.01409456262148965
0.01409456262148965
0.01409456262148965
0.01409456262148965
0.01409456262148965
0.01409456262148965
0.01409456262148965
0.01409456262148965
0.01365018665347194
0.01365018665347194
0.01365018665347194
0.01365018665347194
0.01365018665347194
0.01365018665347194
0.01365018665347194
0.01365018665347194
0.01365018665347194
0.01365018665347194
0.01365018665347194
0.01365018665347194
0.01365018665347194
0.01365018665347194
0.01365018665347194
0.01365018665347194
0.01365018665347194
0.01365018665347194
0.01365018665347194
0.01365018665347194
0.01365018665347194
0.01365018665347194
0.01365018665347194
0.01365018665347194
0.01365018665347194
0.01365018665347194
0.01365018665347194
0.01365018665347194
0.01365018665347194
0.01365018665347194
0.01365018665347194
0.01365018665347194
0.01365018665347194
0.01365018665347194
0.01365018665347194
0.01365018665347194
0.01365018665347194
0.01365018665347194
0.01365018665347194
0.01365018665347194
0.01365018665347194
0.01365018665347194
0.01365018665347194
0.01365018665347194
0.01365018665347194
0.01365018665347194
0.01365018665347194
0.01365018665347194
0.01365018665347194
0.01365018665347194
0.01365018665347194
0.01365018665347194
0.01365018665347194
0.01365018665347194
0.01365018665347194
0.01365018665347194
0.01365018665347194
0.01365018665347194
0.01365018665347194
0.01365018665347194
0.01365018665347194
0.01365018665347194
0.01365018665347194
0.01365018665347194
0.01365018665347194
0.01365018665347194
0.01365018665347194
0.01365018665347194
0.01365018665347194
0.01365018665347194
0.01365018665347194
0.01365018665347194
0.01365018665347194
0.01365018665347194
0.01365018665347194
0.01365018665347194
0.01365018665347194
0.01365018665347194
0.01365018665347194
0.01365018665347194
0.01315506541329052
0.01315506541329052
0.01315506541329052
0.01315506541329052
0.01315506541329052
0.01315506541329052
0.01315506541329052
0.01315506541329052
0.01315506541329052
0.01315506541329052
0.01315506541329052
0.01315506541329052
0.01315506541329052
0.01315506541329052
0.01315506541329052
0.01315506541329052
0.01315506541329052
0.01315506541329052
0.01315506541329052
0.01315506541329052
0.01315506541329052
0.01315506541329052
0.01315506541329052
0.01315506541329052
0.01315506541329052
0.01315506541329052
0.01315506541329052
0.01315506541329052
0.01315506541329052
0.01315506541329052
0.01315506541329052
0.01315506541329052
0.01315506541329052
0.01315506541329052
0.01315506541329052
0.01315506541329052
0.01315506541329052
0.01315506541329052
0.01315506541329052
0.01315506541329052
0.01315506541329052
0.01315506541329052
0.01315506541329052
0.01315506541329052
0.01315506541329052
0.01315506541329052
0.01315506541329052
0.01315506541329052
0.01315506541329052
0.01315506541329052
0.01315506541329052
0.01315506541329052
0.01315506541329052
0.01315506541329052
0.01315506541329052
0.01315506541329052
0.01315506541329052
0.01315506541329052
0.01315506541329052
0.01315506541329052
0.01315506541329052
0.01315506541329052
0.01315506541329052
0.01315506541329052
0.01315506541329052
0.01315506541329052
0.01315506541329052
0.01315506541329052
0.01315506541329052
0.01315506541329052
0.01315506541329052
0.01315506541329052
0.01315506541329052
0.01315506541329052
0.01315506541329052
0.01315506541329052
0.01315506541329052
0.01315506541329052
0.01315506541329052
0.01315506541329052
0.01315506541329052
0.01315506541329052
0.01315506541329052
0.01315506541329052
0.01315506541329052
0.01315506541329052
0.01315506541329052
0.01315506541329052
0.01261463819764949
0.01261463819764949
0.01261463819764949
0.01261463819764949
0.01261463819764949
0.01261463819764949
0.01261463819764949
0.01261463819764949
0.01261463819764949
0.01261463819764949
0.01261463819764949
0.01261463819764949
0.01261463819764949
0.01261463819764949
0.01261463819764949
0.01261463819764949
0.01261463819764949
0.01261463819764949
0.01261463819764949
0.01261463819764949
0.01261463819764949
0.01261463819764949
0.01261463819764949
0.01261463819764949
0.01261463819764949
0.01261463819764949
0.01261463819764949
0.01261463819764949
0.01261463819764949
0.01261463819764949
0.01261463819764949
0.01261463819764949
0.01261463819764949
0.01261463819764949
0.01261463819764949
0.01261463819764949
0.01261463819764949
0.01261463819764949
0.01261463819764949
0.01261463819764949
0.01261463819764949
0.01261463819764949
0.01261463819764949
0.01261463819764949
0.01261463819764949
0.01261463819764949
0.01261463819764949
0.01261463819764949
0.01261463819764949
0.01261463819764949
0.01261463819764949
0.01261463819764949
0.01261463819764949
0.01261463819764949
0.01261463819764949
0.01261463819764949
0.01261463819764949
0.01261463819764949
0.01261463819764949
0.01261463819764949
0.01261463819764949
0.01261463819764949
0.01261463819764949
0.01261463819764949
0.01261463819764949
0.01261463819764949
0.01261463819764949
0.01261463819764949
0.01261463819764949
0.01261463819764949
0.01261463819764949
0.01261463819764949
0.01261463819764949
0.01261463819764949
0.01261463819764949
0.01261463819764949
0.01261463819764949
0.01261463819764949
0.01261463819764949
0.01261463819764949
0.01261463819764949
0.01261463819764949
0.01261463819764949
0.01261463819764949
0.01261463819764949
0.01261463819764949
0.01261463819764949
0.01261463819764949
0.01261463819764949
0.01261463819764949
0.01261463819764949
0.01261463819764949
0.01261463819764949
0.01261463819764949
0.01261463819764949
0.01261463819764949
0.01203392147928287
0.01203392147928287
0.01203392147928287
0.01203392147928287
0.01203392147928287
0.01203392147928287
0.01203392147928287
0.01203392147928287
0.01203392147928287
0.01203392147928287
0.01203392147928287
0.01203392147928287
0.01203392147928287
0.01203392147928287
0.01203392147928287
0.01203392147928287
0.01203392147928287
0.01203392147928287
0.01203392147928287
0.01203392147928287
0.01203392147928287
0.01203392147928287
0.01203392147928287
0.01203392147928287
0.01203392147928287
0.01203392147928287
0.01203392147928287
0.01203392147928287
0.01203392147928287
0.01203392147928287
0.01203392147928287
0.01203392147928287
0.01203392147928287
0.01203392147928287
0.01203392147928287
0.01203392147928287
0.01203392147928287
0.01203392147928287
0.01203392147928287
0.01203392147928287
0.01203392147928287
0.01203392147928287
0.01203392147928287
0.01203392147928287
0.01203392147928287
0.01203392147928287
0.01203392147928287
0.01203392147928287
0.01203392147928287
0.01203392147928287
0.01203392147928287
0.01203392147928287
0.01203392147928287
0.01203392147928287
0.01203392147928287
0.01203392147928287
0.01203392147928287
0.01203392147928287
0.01203392147928287
0.01203392147928287
0.01203392147928287
0.01203392147928287
0.01203392147928287
0.01203392147928287
0.01203392147928287
0.01203392147928287
0.01203392147928287
0.01203392147928287
0.01203392147928287
0.01203392147928287
0.01203392147928287
0.01203392147928287
0.01203392147928287
0.01203392147928287
0.01203392147928287
0.01203392147928287
0.01203392147928287
0.01203392147928287
0.01203392147928287
0.01203392147928287
0.01203392147928287
0.01203392147928287
0.01203392147928287
0.01203392147928287
0.01203392147928287
0.01203392147928287
0.01203392147928287
0.01203392147928287
0.01203392147928287
0.01203392147928287
0.01203392147928287
0.01203392147928287
0.01203392147928287
0.01203392147928287
0.01203392147928287
0.01203392147928287
0.01203392147928287
0.01203392147928287
0.01203392147928287
0.01203392147928287
0.01203392147928287
0.01203392147928287
0.01203392147928287
0.01203392147928287
0.01141771343019042
0.01141771343019042
0.01141771343019042
0.01141771343019042
0.01141771343019042
0.01141771343019042
0.01141771343019042
0.01141771343019042
0.01141771343019042
0.01141771343019042
0.01141771343019042
0.01141771343019042
0.01141771343019042
0.01141771343019042
0.01141771343019042
0.01141771343019042
0.01141771343019042
0.01141771343019042
0.01141771343019042
0.01141771343019042
0.01141771343019042
0.01141771343019042
0.01141771343019042
0.01141771343019042
0.01141771343019042
0.01141771343019042
0.01141771343019042
0.01141771343019042
0.01141771343019042
0.01141771343019042
0.01141771343019042
0.01141771343019042
0.01141771343019042
0.01141771343019042
0.01141771343019042
0.01141771343019042
0.01141771343019042
0.01141771343019042
0.01141771343019042
0.01141771343019042
0.01141771343019042
0.01141771343019042
0.01141771343019042
0.01141771343019042
0.01141771343019042
0.01141771343019042
0.01141771343019042
0.01141771343019042
0.01141771343019042
0.01141771343019042
0.01141771343019042
0.01141771343019042
0.01141771343019042
0.01141771343019042
0.01141771343019042
0.01141771343019042
0.01141771343019042
0.01141771343019042
0.01141771343019042
0.01141771343019042
0.01141771343019042
0.01141771343019042
0.01141771343019042
0.01141771343019042
0.01141771343019042
0.01141771343019042
0.01141771343019042
0.01141771343019042
0.01141771343019042
0.01141771343019042
0.01141771343019042
0.01141771343019042
0.01141771343019042
0.01141771343019042
0.01141771343019042
0.01141771343019042
0.01141771343019042
0.01141771343019042
0.01141771343019042
0.01141771343019042
0.01141771343019042
0.01141771343019042
0.01141771343019042
0.01141771343019042
0.01141771343019042
0.01141771343019042
0.01141771343019042
0.01141771343019042
0.01141771343019042
0.01141771343019042
0.01141771343019042
0.01141771343019042
0.01141771343019042
0.01141771343019042
0.01141771343019042
0.01141771343019042
0.01141771343019042
0.01141771343019042
0.01141771343019042
0.01141771343019042
0.01141771343019042
0.01141771343019042
0.01141771343019042
0.01141771343019042
0.01141771343019042
0.01141771343019042
0.01141771343019042
0.01141771343019042
0.01141771343019042
0.01141771343019042
0.01141771343019042
0.01141771343019042
0.01077070462442085
0.01077070462442085
0.01077070462442085
0.01077070462442085
0.01077070462442085
0.01077070462442085
0.01077070462442085
0.01077070462442085
0.01077070462442085
0.01077070462442085
0.01077070462442085
0.01077070462442085
0.01077070462442085
0.01077070462442085
0.01077070462442085
0.01077070462442085
0.01077070462442085
0.01077070462442085
0.01077070462442085
0.01077070462442085
0.01077070462442085
0.01077070462442085
0.01077070462442085
0.01077070462442085
0.01077070462442085
0.01077070462442085
0.01077070462442085
0.01077070462442085
0.01077070462442085
0.01077070462442085
0.01077070462442085
0.01077070462442085
0.01077070462442085
0.01077070462442085
0.01077070462442085
0.01077070462442085
0.01077070462442085
0.01077070462442085
0.01077070462442085
0.01077070462442085
0.01077070462442085
0.01077070462442085
0.01077070462442085
0.01077070462442085
0.01077070462442085
0.01077070462442085
0.01077070462442085
0.01077070462442085
0.01077070462442085
0.01077070462442085
0.01077070462442085
0.01077070462442085
0.01077070462442085
0.01077070462442085
0.01077070462442085
0.01077070462442085
0.01077070462442085
0.01077070462442085
0.01077070462442085
0.01077070462442085
0.01077070462442085
0.01077070462442085
0.01077070462442085
0.01077070462442085
0.01077070462442085
0.01077070462442085
0.01077070462442085
0.01077070462442085
0.01077070462442085
0.01077070462442085
0.01077070462442085
0.01077070462442085
0.01077070462442085
0.01077070462442085
0.01077070462442085
0.01077070462442085
0.01077070462442085
0.01077070462442085
0.01077070462442085
0.01077070462442085
0.01077070462442085
0.01077070462442085
0.01077070462442085
0.01077070462442085
0.01077070462442085
0.01077070462442085
0.01077070462442085
0.01077070462442085
0.01077070462442085
0.01077070462442085
0.01077070462442085
0.01077070462442085
0.01077070462442085
0.01077070462442085
0.01077070462442085
0.01077070462442085
0.01077070462442085
0.01077070462442085
0.01077070462442085
0.01077070462442085
0.01077070462442085
0.01077070462442085
0.01077070462442085
0.01077070462442085
0.01077070462442085
0.01077070462442085
0.01077070462442085
0.01077070462442085
0.01077070462442085
0.01077070462442085
0.01077070462442085
0.01077070462442085
0.01077070462442085
0.01077070462442085
0.01077070462442085
0.01077070462442085
0.01077070462442085
0.01077070462442085
0.01077070462442085
0.01077070462442085
