Angles: 
0.3594747924779919 0.3594747924779918 0.8611363115940527
0.3594747924779919 0.3594747924779918 -0.8611363115940527
-0.3594747924779918 0.3594747924779919 0.8611363115940527
-0.3594747924779918 0.3594747924779919 -0.8611363115940527
-0.3594747924779919 -0.3594747924779918 0.8611363115940527
-0.3594747924779919 -0.3594747924779918 -0.8611363115940527
0.3594747924779917 -0.3594747924779919 0.8611363115940527
0.3594747924779917 -0.3594747924779919 -0.8611363115940527
0.868846143426105 0.359887856222652 0.3399810435848563
0.868846143426105 0.359887856222652 -0.3399810435848563
0.3598878562226521 0.868846143426105 0.3399810435848563
0.3598878562226521 0.868846143426105 -0.3399810435848563
-0.359887856222652 0.868846143426105 0.3399810435848563
-0.359887856222652 0.868846143426105 -0.3399810435848563
-0.868846143426105 0.3598878562226521 0.3399810435848563
-0.868846143426105 0.3598878562226521 -0.3399810435848563
-0.8688461434261051 -0.359887856222652 0.3399810435848563
-0.8688461434261051 -0.359887856222652 -0.3399810435848563
-0.3598878562226526 -0.8688461434261048 0.3399810435848563
-0.3598878562226526 -0.8688461434261048 -0.3399810435848563
0.3598878562226522 -0.8688461434261049 0.3399810435848563
0.3598878562226522 -0.8688461434261049 -0.3399810435848563
0.8688461434261048 -0.3598878562226526 0.3399810435848563
0.8688461434261048 -0.3598878562226526 -0.3399810435848563

Weights: 
0.5464091129997201
0.5464091129997201
0.5464091129997201
0.5464091129997201
0.5464091129997201
0.5464091129997201
0.5464091129997201
0.5464091129997201
0.5121936068975881
0.5121936068975881
0.5121936068975881
0.5121936068975881
0.5121936068975881
0.5121936068975881
0.5121936068975881
0.5121936068975881
0.5121936068975881
0.5121936068975881
0.5121936068975881
0.5121936068975881
0.5121936068975881
0.5121936068975881
0.5121936068975881
0.5121936068975881
