Angles: 
0.1972858224859828 0.1972858224859827 0.9602898564975362
0.1972858224859828 0.1972858224859827 -0.9602898564975362
-0.1972858224859827 0.1972858224859828 0.9602898564975362
-0.1972858224859827 0.1972858224859828 -0.9602898564975362
-0.1972858224859828 -0.1972858224859827 0.9602898564975362
-0.1972858224859828 -0.1972858224859827 -0.9602898564975362
0.1972858224859827 -0.1972858224859828 0.9602898564975362
0.1972858224859827 -0.1972858224859828 -0.9602898564975362
0.5584104931141766 0.2313011996193397 0.7966664774136267
0.5584104931141766 0.2313011996193397 -0.7966664774136267
0.2313011996193398 0.5584104931141766 0.7966664774136267
0.2313011996193398 0.5584104931141766 -0.7966664774136267
-0.2313011996193397 0.5584104931141766 0.7966664774136267
-0.2313011996193397 0.5584104931141766 -0.7966664774136267
-0.5584104931141766 0.2313011996193398 0.7966664774136267
-0.5584104931141766 0.2313011996193398 -0.7966664774136267
-0.5584104931141766 -0.2313011996193396 0.7966664774136267
-0.5584104931141766 -0.2313011996193396 -0.7966664774136267
-0.2313011996193401 -0.5584104931141763 0.7966664774136267
-0.2313011996193401 -0.5584104931141763 -0.7966664774136267
0.2313011996193399 -0.5584104931141765 0.7966664774136267
0.2313011996193399 -0.5584104931141765 -0.7966664774136267
0.5584104931141763 -0.2313011996193401 0.7966664774136267
0.5584104931141763 -0.2313011996193401 -0.7966664774136267
0.8217841742123188 0.2201964058328678 0.525532409916329
0.8217841742123188 0.2201964058328678 -0.525532409916329
0.6015877683794509 0.6015877683794508 0.525532409916329
0.6015877683794509 0.6015877683794508 -0.525532409916329
0.220196405832868 0.8217841742123186 0.525532409916329
0.220196405832868 0.8217841742123186 -0.525532409916329
-0.2201964058328677 0.8217841742123188 0.525532409916329
-0.2201964058328677 0.8217841742123188 -0.525532409916329
-0.6015877683794508 0.6015877683794509 0.525532409916329
-0.6015877683794508 0.6015877683794509 -0.525532409916329
-0.8217841742123186 0.2201964058328681 0.525532409916329
-0.8217841742123186 0.2201964058328681 -0.525532409916329
-0.8217841742123189 -0.2201964058328675 0.525532409916329
-0.8217841742123189 -0.2201964058328675 -0.525532409916329
-0.6015877683794512 -0.6015877683794505 0.525532409916329
-0.6015877683794512 -0.6015877683794505 -0.525532409916329
-0.2201964058328685 -0.8217841742123185 0.525532409916329
-0.2201964058328685 -0.8217841742123185 -0.525532409916329
0.2201964058328675 -0.8217841742123189 0.525532409916329
0.2201964058328675 -0.8217841742123189 -0.525532409916329
0.6015877683794507 -0.6015877683794509 0.525532409916329
0.6015877683794507 -0.6015877683794509 -0.525532409916329
0.8217841742123185 -0.2201964058328685 0.525532409916329
0.8217841742123185 -0.2201964058328685 -0.525532409916329
0.9641432254265331 0.191780011462651 0.1834346424956497
0.9641432254265331 0.191780011462651 -0.1834346424956497
0.8173611593354461 0.5461432661328973 0.1834346424956497
0.8173611593354461 0.5461432661328973 -0.1834346424956497
0.5461432661328974 0.8173611593354461 0.1834346424956497
0.5461432661328974 0.8173611593354461 -0.1834346424956497
0.1917800114626511 0.9641432254265331 0.1834346424956497
0.1917800114626511 0.9641432254265331 -0.1834346424956497
-0.1917800114626509 0.9641432254265331 0.1834346424956497
-0.1917800114626509 0.9641432254265331 -0.1834346424956497
-0.5461432661328971 0.8173611593354462 0.1834346424956497
-0.5461432661328971 0.8173611593354462 -0.1834346424956497
-0.8173611593354462 0.5461432661328973 0.1834346424956497
-0.8173611593354462 0.5461432661328973 -0.1834346424956497
-0.9641432254265331 0.1917800114626513 0.1834346424956497
-0.9641432254265331 0.1917800114626513 -0.1834346424956497
-0.9641432254265331 -0.1917800114626511 0.1834346424956497
-0.9641432254265331 -0.1917800114626511 -0.1834346424956497
-0.8173611593354463 -0.5461432661328971 0.1834346424956497
-0.8173611593354463 -0.5461432661328971 -0.1834346424956497
-0.5461432661328973 -0.8173611593354461 0.1834346424956497
-0.5461432661328973 -0.8173611593354461 -0.1834346424956497
-0.1917800114626514 -0.964143225426533 0.1834346424956497
-0.1917800114626514 -0.964143225426533 -0.1834346424956497
0.191780011462651 -0.9641432254265331 0.1834346424956497
0.191780011462651 -0.9641432254265331 -0.1834346424956497
0.546143266132897 -0.8173611593354463 0.1834346424956497
0.546143266132897 -0.8173611593354463 -0.1834346424956497
0.8173611593354461 -0.5461432661328973 0.1834346424956497
0.8173611593354461 -0.5461432661328973 -0.1834346424956497
0.964143225426533 -0.1917800114626514 0.1834346424956497
0.964143225426533 -0.1917800114626514 -0.1834346424956497

Weights: 
0.1590094129717465
0.1590094129717465
0.1590094129717465
0.1590094129717465
0.1590094129717465
0.1590094129717465
0.1590094129717465
0.1590094129717465
0.1746576560341049
0.1746576560341049
0.1746576560341049
0.1746576560341049
0.1746576560341049
0.1746576560341049
0.1746576560341049
0.1746576560341049
0.1746576560341049
0.1746576560341049
0.1746576560341049
0.1746576560341049
0.1746576560341049
0.1746576560341049
0.1746576560341049
0.1746576560341049
0.164256415678711
0.164256415678711
0.164256415678711
0.164256415678711
0.164256415678711
0.164256415678711
0.164256415678711
0.164256415678711
0.164256415678711
0.164256415678711
0.164256415678711
0.164256415678711
0.164256415678711
0.164256415678711
0.164256415678711
0.164256415678711
0.164256415678711
0.164256415678711
0.164256415678711
0.164256415678711
0.164256415678711
0.164256415678711
0.164256415678711
0.164256415678711
0.1424255886797017
0.1424255886797017
0.1424255886797017
0.1424255886797017
0.1424255886797017
0.1424255886797017
0.1424255886797017
0.1424255886797017
0.1424255886797017
0.1424255886797017
0.1424255886797017
0.1424255886797017
0.1424255886797017
0.1424255886797017
0.1424255886797017
0.1424255886797017
0.1424255886797017
0.1424255886797017
0.1424255886797017
0.1424255886797017
0.1424255886797017
0.1424255886797017
0.1424255886797017
0.1424255886797017
0.1424255886797017
0.1424255886797017
0.1424255886797017
0.1424255886797017
0.1424255886797017
0.1424255886797017
0.1424255886797017
0.1424255886797017
